Energy (cm-1)	Width (nm)	Abs	<--CD Spectrum	States-->	Wavelength (nm)	Energy (cm-1)	R(length)
100.000000	100000.000000	0.000000			173.567109	57614.602527	0.000000
100.041144	99958.872697	0.000000			133.724700	74780.500439	0.000000
100.082288	99917.779210	0.000000			132.352865	75555.599245	0.000000
100.123433	99876.719496	0.000000			110.083899	90839.805675	0.000000
100.164577	99835.693514	0.000000			94.989575	105274.710291	0.000000
100.205721	99794.701223	0.000000
100.246865	99753.742580	0.000000
100.288010	99712.817544	0.000000
100.329154	99671.926075	0.000000
100.370298	99631.068131	0.000000
100.411442	99590.243670	0.000000
100.452586	99549.452651	0.000000
100.493731	99508.695034	0.000000
100.534875	99467.970778	0.000000
100.576019	99427.279841	0.000000
100.617163	99386.622182	0.000000
100.658308	99345.997761	0.000000
100.699452	99305.406537	0.000000
100.740596	99264.848470	0.000000
100.781740	99224.323518	0.000000
100.822884	99183.831641	0.000000
100.864029	99143.372799	0.000000
100.905173	99102.946951	0.000000
100.946317	99062.554058	0.000000
100.987461	99022.194078	0.000000
101.028606	98981.866971	0.000000
101.069750	98941.572698	0.000000
101.110894	98901.311218	0.000000
101.152038	98861.082491	0.000000
101.193182	98820.886478	0.000000
101.234327	98780.723138	0.000000
101.275471	98740.592431	0.000000
101.316615	98700.494318	0.000000
101.357759	98660.428760	0.000000
101.398904	98620.395715	0.000000
101.440048	98580.395146	0.000000
101.481192	98540.427012	0.000000
101.522336	98500.491274	0.000000
101.563481	98460.587893	0.000000
101.604625	98420.716829	0.000000
101.645769	98380.878043	0.000000
101.686913	98341.071496	0.000000
101.728057	98301.297149	0.000000
101.769202	98261.554962	0.000000
101.810346	98221.844898	0.000000
101.851490	98182.166915	0.000000
101.892634	98142.520977	0.000000
101.933779	98102.907044	0.000000
101.974923	98063.325078	0.000000
102.016067	98023.775039	0.000000
102.057211	97984.256889	0.000000
102.098355	97944.770590	0.000000
102.139500	97905.316102	0.000000
102.180644	97865.893389	0.000000
102.221788	97826.502410	0.000000
102.262932	97787.143129	0.000000
102.304077	97747.815506	0.000000
102.345221	97708.519504	0.000000
102.386365	97669.255084	0.000000
102.427509	97630.022208	0.000000
102.468653	97590.820839	0.000000
102.509798	97551.650938	0.000000
102.550942	97512.512468	0.000000
102.592086	97473.405391	0.000000
102.633230	97434.329668	0.000000
102.674375	97395.285263	0.000000
102.715519	97356.272137	0.000000
102.756663	97317.290254	0.000000
102.797807	97278.339575	0.000000
102.838951	97239.420063	0.000000
102.880096	97200.531680	0.000000
102.921240	97161.674390	0.000000
102.962384	97122.848156	0.000000
103.003528	97084.052939	0.000000
103.044673	97045.288702	0.000000
103.085817	97006.555410	0.000000
103.126961	96967.853024	0.000000
103.168105	96929.181507	0.000000
103.209249	96890.540824	0.000000
103.250394	96851.930936	0.000000
103.291538	96813.351807	0.000000
103.332682	96774.803401	0.000000
103.373826	96736.285680	0.000000
103.414971	96697.798608	0.000000
103.456115	96659.342148	0.000000
103.497259	96620.916264	0.000000
103.538403	96582.520920	0.000000
103.579547	96544.156079	0.000000
103.620692	96505.821705	0.000000
103.661836	96467.517761	0.000000
103.702980	96429.244211	0.000000
103.744124	96391.001019	0.000000
103.785269	96352.788150	0.000000
103.826413	96314.605566	0.000000
103.867557	96276.453232	0.000000
103.908701	96238.331112	0.000000
103.949846	96200.239170	0.000000
103.990990	96162.177371	0.000000
104.032134	96124.145678	0.000000
104.073278	96086.144056	0.000000
104.114422	96048.172469	0.000000
104.155567	96010.230882	0.000000
104.196711	95972.319258	0.000000
104.237855	95934.437564	0.000000
104.278999	95896.585762	0.000000
104.320144	95858.763818	0.000000
104.361288	95820.971697	0.000000
104.402432	95783.209362	0.000000
104.443576	95745.476780	0.000000
104.484720	95707.773915	0.000000
104.525865	95670.100731	0.000000
104.567009	95632.457194	0.000000
104.608153	95594.843269	0.000000
104.649297	95557.258920	0.000000
104.690442	95519.704114	0.000000
104.731586	95482.178815	0.000000
104.772730	95444.682988	0.000000
104.813874	95407.216598	0.000000
104.855018	95369.779612	0.000000
104.896163	95332.371994	0.000000
104.937307	95294.993710	0.000000
104.978451	95257.644725	0.000000
105.019595	95220.325005	0.000000
105.060740	95183.034516	0.000000
105.101884	95145.773222	0.000000
105.143028	95108.541091	0.000000
105.184172	95071.338088	0.000000
105.225316	95034.164178	0.000000
105.266461	94997.019327	0.000000
105.307605	94959.903502	0.000000
105.348749	94922.816668	0.000000
105.389893	94885.758792	0.000000
105.431038	94848.729839	0.000000
105.472182	94811.729776	0.000000
105.513326	94774.758568	0.000000
105.554470	94737.816183	0.000000
105.595614	94700.902586	0.000000
105.636759	94664.017744	0.000000
105.677903	94627.161624	0.000000
105.719047	94590.334190	0.000000
105.760191	94553.535411	0.000000
105.801336	94516.765253	0.000000
105.842480	94480.023682	0.000000
105.883624	94443.310666	0.000000
105.924768	94406.626170	0.000000
105.965912	94369.970161	0.000000
106.007057	94333.342607	0.000000
106.048201	94296.743474	0.000000
106.089345	94260.172730	0.000000
106.130489	94223.630340	0.000000
106.171634	94187.116273	0.000000
106.212778	94150.630495	0.000000
106.253922	94114.172974	0.000000
106.295066	94077.743676	0.000000
106.336211	94041.342569	0.000000
106.377355	94004.969620	0.000000
106.418499	93968.624797	0.000000
106.459643	93932.308067	0.000000
106.500787	93896.019397	0.000000
106.541932	93859.758755	0.000000
106.583076	93823.526108	0.000000
106.624220	93787.321424	0.000000
106.665364	93751.144671	0.000000
106.706509	93714.995816	0.000000
106.747653	93678.874827	0.000000
106.788797	93642.781671	0.000000
106.829941	93606.716318	0.000000
106.871085	93570.678734	0.000000
106.912230	93534.668888	0.000000
106.953374	93498.686747	0.000000
106.994518	93462.732279	0.000000
107.035662	93426.805453	0.000000
107.076807	93390.906237	0.000000
107.117951	93355.034599	0.000000
107.159095	93319.190507	0.000000
107.200239	93283.373929	0.000000
107.241383	93247.584835	0.000000
107.282528	93211.823191	0.000000
107.323672	93176.088967	0.000000
107.364816	93140.382131	0.000000
107.405960	93104.702651	0.000000
107.447105	93069.050497	0.000000
107.488249	93033.425637	0.000000
107.529393	92997.828038	0.000000
107.570537	92962.257672	0.000000
107.611681	92926.714505	0.000000
107.652826	92891.198506	0.000000
107.693970	92855.709646	0.000000
107.735114	92820.247892	0.000000
107.776258	92784.813213	0.000000
107.817403	92749.405579	0.000000
107.858547	92714.024958	0.000000
107.899691	92678.671320	0.000000
107.940835	92643.344634	0.000000
107.981979	92608.044869	0.000000
108.023124	92572.771994	0.000000
108.064268	92537.525978	0.000000
108.105412	92502.306791	0.000000
108.146556	92467.114403	0.000000
108.187701	92431.948782	0.000000
108.228845	92396.809898	0.000000
108.269989	92361.697720	0.000000
108.311133	92326.612219	0.000000
108.352277	92291.553364	0.000000
108.393422	92256.521124	0.000000
108.434566	92221.515469	0.000000
108.475710	92186.536369	0.000000
108.516854	92151.583794	0.000000
108.557999	92116.657714	0.000000
108.599143	92081.758097	0.000000
108.640287	92046.884915	0.000000
108.681431	92012.038138	0.000000
108.722576	91977.217735	0.000000
108.763720	91942.423676	0.000000
108.804864	91907.655932	0.000000
108.846008	91872.914472	0.000000
108.887152	91838.199268	0.000000
108.928297	91803.510288	0.000000
108.969441	91768.847504	0.000000
109.010585	91734.210886	0.000000
109.051729	91699.600403	0.000000
109.092874	91665.016028	0.000000
109.134018	91630.457729	0.000000
109.175162	91595.925479	0.000000
109.216306	91561.419246	0.000000
109.257450	91526.939002	0.000000
109.298595	91492.484717	0.000000
109.339739	91458.056363	0.000000
109.380883	91423.653909	0.000000
109.422027	91389.277327	0.000000
109.463172	91354.926587	0.000000
109.504316	91320.601661	0.000000
109.545460	91286.302519	0.000000
109.586604	91252.029132	0.000000
109.627748	91217.781471	0.000000
109.668893	91183.559508	0.000000
109.710037	91149.363212	0.000000
109.751181	91115.192557	0.000000
109.792325	91081.047512	0.000000
109.833470	91046.928048	0.000000
109.874614	91012.834138	0.000000
109.915758	90978.765753	0.000000
109.956902	90944.722863	0.000000
109.998046	90910.705440	0.000000
110.039191	90876.713455	0.000000
110.080335	90842.746881	0.000000
110.121479	90808.805689	0.000000
110.162623	90774.889849	0.000000
110.203768	90740.999334	0.000000
110.244912	90707.134116	0.000000
110.286056	90673.294166	0.000000
110.327200	90639.479455	0.000000
110.368344	90605.689956	0.000000
110.409489	90571.925641	0.000000
110.450633	90538.186481	0.000000
110.491777	90504.472448	0.000000
110.532921	90470.783514	0.000000
110.574066	90437.119651	0.000000
110.615210	90403.480831	0.000000
110.656354	90369.867026	0.000000
110.697498	90336.278209	0.000000
110.738642	90302.714351	0.000000
110.779787	90269.175424	0.000000
110.820931	90235.661402	0.000000
110.862075	90202.172255	0.000000
110.903219	90168.707957	0.000000
110.944364	90135.268480	0.000000
110.985508	90101.853796	0.000000
111.026652	90068.463877	0.000000
111.067796	90035.098697	0.000000
111.108941	90001.758227	0.000000
111.150085	89968.442440	0.000000
111.191229	89935.151309	0.000000
111.232373	89901.884807	0.000000
111.273517	89868.642906	0.000000
111.314662	89835.425578	0.000000
111.355806	89802.232797	0.000000
111.396950	89769.064535	0.000000
111.438094	89735.920766	0.000000
111.479239	89702.801461	0.000000
111.520383	89669.706595	0.000000
111.561527	89636.636140	0.000000
111.602671	89603.590068	0.000000
111.643815	89570.568354	0.000000
111.684960	89537.570969	0.000000
111.726104	89504.597888	0.000000
111.767248	89471.649084	0.000000
111.808392	89438.724528	0.000000
111.849537	89405.824196	0.000000
111.890681	89372.948060	0.000000
111.931825	89340.096093	0.000000
111.972969	89307.268269	0.000000
112.014113	89274.464561	0.000000
112.055258	89241.684943	0.000000
112.096402	89208.929388	0.000000
112.137546	89176.197869	0.000000
112.178690	89143.490360	0.000000
112.219835	89110.806836	0.000000
112.260979	89078.147268	0.000000
112.302123	89045.511632	0.000000
112.343267	89012.899900	0.000000
112.384411	88980.312047	0.000000
112.425556	88947.748046	0.000000
112.466700	88915.207871	0.000000
112.507844	88882.691496	0.000000
112.548988	88850.198895	0.000000
112.590133	88817.730042	0.000000
112.631277	88785.284911	0.000000
112.672421	88752.863475	0.000000
112.713565	88720.465709	0.000000
112.754709	88688.091587	0.000000
112.795854	88655.741083	0.000000
112.836998	88623.414171	0.000000
112.878142	88591.110826	0.000000
112.919286	88558.831021	0.000000
112.960431	88526.574731	0.000000
113.001575	88494.341931	0.000000
113.042719	88462.132594	0.000000
113.083863	88429.946694	0.000000
113.125007	88397.784208	0.000000
113.166152	88365.645108	0.000000
113.207296	88333.529370	0.000000
113.248440	88301.436967	0.000000
113.289584	88269.367875	0.000000
113.330729	88237.322068	0.000000
113.371873	88205.299521	0.000000
113.413017	88173.300208	0.000000
113.454161	88141.324104	0.000000
113.495305	88109.371185	0.000000
113.536450	88077.441424	0.000000
113.577594	88045.534796	0.000000
113.618738	88013.651277	0.000000
113.659882	87981.790841	0.000000
113.701027	87949.953463	0.000000
113.742171	87918.139119	0.000000
113.783315	87886.347783	0.000000
113.824459	87854.579430	0.000000
113.865604	87822.834036	0.000000
113.906748	87791.111575	0.000000
113.947892	87759.412022	0.000000
113.989036	87727.735354	0.000000
114.030180	87696.081544	0.000000
114.071325	87664.450569	0.000000
114.112469	87632.842404	0.000000
114.153613	87601.257023	0.000000
114.194757	87569.694403	0.000000
114.235902	87538.154519	0.000000
114.277046	87506.637345	0.000000
114.318190	87475.142859	0.000000
114.359334	87443.671034	0.000000
114.400478	87412.221848	0.000000
114.441623	87380.795275	0.000000
114.482767	87349.391290	0.000000
114.523911	87318.009870	0.000000
114.565055	87286.650991	0.000000
114.606200	87255.314627	0.000000
114.647344	87224.000756	0.000000
114.688488	87192.709351	0.000000
114.729632	87161.440391	0.000000
114.770776	87130.193849	0.000000
114.811921	87098.969703	0.000000
114.853065	87067.767927	0.000000
114.894209	87036.588499	0.000000
114.935353	87005.431394	0.000000
114.976498	86974.296588	0.000000
115.017642	86943.184057	0.000000
115.058786	86912.093777	0.000000
115.099930	86881.025724	0.000000
115.141074	86849.979876	0.000000
115.182219	86818.956207	0.000000
115.223363	86787.954694	0.000000
115.264507	86756.975313	0.000000
115.305651	86726.018041	0.000000
115.346796	86695.082853	0.000000
115.387940	86664.169727	0.000000
115.429084	86633.278639	0.000000
115.470228	86602.409565	0.000000
115.511372	86571.562482	0.000000
115.552517	86540.737365	0.000000
115.593661	86509.934193	0.000000
115.634805	86479.152940	0.000000
115.675949	86448.393585	0.000000
115.717094	86417.656103	0.000000
115.758238	86386.940471	0.000000
115.799382	86356.246666	0.000000
115.840526	86325.574665	0.000000
115.881670	86294.924444	0.000000
115.922815	86264.295981	0.000000
115.963959	86233.689251	0.000000
116.005103	86203.104233	0.000000
116.046247	86172.540902	0.000000
116.087392	86141.999236	0.000000
116.128536	86111.479212	0.000000
116.169680	86080.980806	0.000000
116.210824	86050.503997	0.000000
116.251969	86020.048760	0.000000
116.293113	85989.615073	0.000000
116.334257	85959.202914	0.000000
116.375401	85928.812258	0.000000
116.416545	85898.443085	0.000000
116.457690	85868.095369	0.000000
116.498834	85837.769090	0.000000
116.539978	85807.464224	0.000000
116.581122	85777.180749	0.000000
116.622267	85746.918642	0.000000
116.663411	85716.677880	0.000000
116.704555	85686.458441	0.000000
116.745699	85656.260302	0.000000
116.786843	85626.083440	0.000000
116.827988	85595.927834	0.000000
116.869132	85565.793461	0.000000
116.910276	85535.680298	0.000000
116.951420	85505.588324	0.000000
116.992565	85475.517514	0.000000
117.033709	85445.467848	0.000000
117.074853	85415.439304	0.000000
117.115997	85385.431858	0.000000
117.157141	85355.445488	0.000000
117.198286	85325.480173	0.000000
117.239430	85295.535890	0.000000
117.280574	85265.612617	0.000000
117.321718	85235.710331	0.000000
117.362863	85205.829012	0.000000
117.404007	85175.968637	0.000000
117.445151	85146.129183	0.000000
117.486295	85116.310629	0.000000
117.527439	85086.512953	0.000000
117.568584	85056.736133	0.000000
117.609728	85026.980147	0.000000
117.650872	84997.244974	0.000000
117.692016	84967.530590	0.000000
117.733161	84937.836975	0.000000
117.774305	84908.164107	0.000000
117.815449	84878.511965	0.000000
117.856593	84848.880525	0.000000
117.897737	84819.269767	0.000000
117.938882	84789.679669	0.000000
117.980026	84760.110210	0.000000
118.021170	84730.561368	0.000000
118.062314	84701.033120	0.000000
118.103459	84671.525447	0.000000
118.144603	84642.038326	0.000000
118.185747	84612.571735	0.000000
118.226891	84583.125654	0.000000
118.268035	84553.700061	0.000000
118.309180	84524.294935	0.000000
118.350324	84494.910254	0.000000
118.391468	84465.545997	0.000000
118.432612	84436.202142	0.000000
118.473757	84406.878669	0.000000
118.514901	84377.575556	0.000000
118.556045	84348.292782	0.000000
118.597189	84319.030326	0.000000
118.638334	84289.788166	0.000000
118.679478	84260.566282	0.000000
118.720622	84231.364653	0.000000
118.761766	84202.183257	0.000000
118.802910	84173.022073	0.000000
118.844055	84143.881081	0.000000
118.885199	84114.760259	0.000000
118.926343	84085.659586	0.000000
118.967487	84056.579043	0.000000
119.008632	84027.518607	0.000000
119.049776	83998.478257	0.000000
119.090920	83969.457974	0.000000
119.132064	83940.457736	0.000000
119.173208	83911.477523	0.000000
119.214353	83882.517314	0.000000
119.255497	83853.577087	0.000000
119.296641	83824.656823	0.000000
119.337785	83795.756501	0.000000
119.378930	83766.876099	0.000000
119.420074	83738.015599	0.000000
119.461218	83709.174978	0.000000
119.502362	83680.354217	0.000000
119.543506	83651.553294	0.000000
119.584651	83622.772191	0.000000
119.625795	83594.010885	0.000000
119.666939	83565.269356	0.000000
119.708083	83536.547585	0.000000
119.749228	83507.845551	0.000000
119.790372	83479.163233	0.000000
119.831516	83450.500612	0.000000
119.872660	83421.857666	0.000000
119.913804	83393.234376	0.000000
119.954949	83364.630721	0.000000
119.996093	83336.046682	0.000000
120.037237	83307.482238	0.000000
120.078381	83278.937368	0.000000
120.119526	83250.412053	0.000000
120.160670	83221.906274	0.000000
120.201814	83193.420008	0.000000
120.242958	83164.953238	0.000000
120.284102	83136.505942	0.000000
120.325247	83108.078100	0.000000
120.366391	83079.669693	0.000000
120.407535	83051.280701	0.000000
120.448679	83022.911104	0.000000
120.489824	82994.560882	0.000000
120.530968	82966.230015	0.000000
120.572112	82937.918484	0.000000
120.613256	82909.626268	0.000000
120.654400	82881.353348	0.000000
120.695545	82853.099703	0.000000
120.736689	82824.865316	0.000000
120.777833	82796.650164	0.000000
120.818977	82768.454230	0.000000
120.860122	82740.277493	0.000000
120.901266	82712.119935	0.000000
120.942410	82683.981534	0.000000
120.983554	82655.862272	0.000000
121.024699	82627.762129	0.000000
121.065843	82599.681086	0.000000
121.106987	82571.619123	0.000000
121.148131	82543.576220	0.000000
121.189275	82515.552360	0.000000
121.230420	82487.547521	0.000000
121.271564	82459.561684	0.000000
121.312708	82431.594831	0.000000
121.353852	82403.646942	0.000000
121.394997	82375.717998	0.000000
121.436141	82347.807979	0.000000
121.477285	82319.916866	0.000000
121.518429	82292.044640	0.000000
121.559573	82264.191282	0.000000
121.600718	82236.356772	0.000000
121.641862	82208.541092	0.000000
121.683006	82180.744223	0.000000
121.724150	82152.966145	0.000000
121.765295	82125.206839	0.000000
121.806439	82097.466287	0.000000
121.847583	82069.744468	0.000000
121.888727	82042.041365	0.000000
121.929871	82014.356959	0.000000
121.971016	81986.691230	0.000000
122.012160	81959.044159	0.000000
122.053304	81931.415728	0.000000
122.094448	81903.805918	0.000000
122.135593	81876.214710	0.000000
122.176737	81848.642085	0.000000
122.217881	81821.088025	0.000000
122.259025	81793.552510	0.000000
122.300169	81766.035523	0.000000
122.341314	81738.537043	0.000000
122.382458	81711.057054	0.000000
122.423602	81683.595535	0.000000
122.464746	81656.152468	0.000000
122.505891	81628.727836	0.000000
122.547035	81601.321619	0.000000
122.588179	81573.933798	0.000000
122.629323	81546.564355	0.000000
122.670467	81519.213273	0.000000
122.711612	81491.880531	0.000000
122.752756	81464.566112	0.000000
122.793900	81437.269998	0.000000
122.835044	81409.992169	0.000000
122.876189	81382.732608	0.000000
122.917333	81355.491296	0.000000
122.958477	81328.268215	0.000000
122.999621	81301.063347	0.000000
123.040765	81273.876673	0.000000
123.081910	81246.708175	0.000000
123.123054	81219.557835	0.000000
123.164198	81192.425635	0.000000
123.205342	81165.311556	0.000000
123.246487	81138.215581	0.000000
123.287631	81111.137691	0.000000
123.328775	81084.077868	0.000000
123.369919	81057.036094	0.000000
123.411064	81030.012351	0.000000
123.452208	81003.006621	0.000000
123.493352	80976.018886	0.000000
123.534496	80949.049128	0.000000
123.575640	80922.097329	0.000000
123.616785	80895.163471	0.000000
123.657929	80868.247536	0.000000
123.699073	80841.349507	0.000000
123.740217	80814.469365	0.000000
123.781362	80787.607093	0.000000
123.822506	80760.762672	0.000000
123.863650	80733.936086	0.000000
123.904794	80707.127316	0.000000
123.945938	80680.336344	0.000000
123.987083	80653.563153	0.000000
124.028227	80626.807725	0.000000
124.069371	80600.070043	0.000000
124.110515	80573.350088	0.000000
124.151660	80546.647844	0.000000
124.192804	80519.963292	0.000000
124.233948	80493.296415	0.000000
124.275092	80466.647195	0.000000
124.316236	80440.015615	0.000000
124.357381	80413.401658	0.000000
124.398525	80386.805305	0.000000
124.439669	80360.226540	0.000000
124.480813	80333.665345	0.000000
124.521958	80307.121703	0.000000
124.563102	80280.595595	0.000000
124.604246	80254.087006	0.000000
124.645390	80227.595917	0.000000
124.686534	80201.122311	0.000000
124.727679	80174.666171	0.000000
124.768823	80148.227479	0.000000
124.809967	80121.806219	0.000000
124.851111	80095.402372	0.000000
124.892256	80069.015923	0.000000
124.933400	80042.646853	0.000000
124.974544	80016.295146	0.000000
125.015688	79989.960784	0.000000
125.056832	79963.643750	0.000000
125.097977	79937.344028	0.000000
125.139121	79911.061599	0.000000
125.180265	79884.796448	0.000000
125.221409	79858.548556	0.000000
125.262554	79832.317908	0.000000
125.303698	79806.104485	0.000000
125.344842	79779.908272	0.000000
125.385986	79753.729250	0.000000
125.427130	79727.567404	0.000000
125.468275	79701.422716	0.000000
125.509419	79675.295169	0.000000
125.550563	79649.184747	0.000000
125.591707	79623.091433	0.000000
125.632852	79597.015209	0.000000
125.673996	79570.956060	0.000000
125.715140	79544.913968	0.000000
125.756284	79518.888917	0.000000
125.797429	79492.880889	0.000000
125.838573	79466.889869	0.000000
125.879717	79440.915839	0.000000
125.920861	79414.958783	0.000000
125.962005	79389.018684	0.000000
126.003150	79363.095526	0.000000
126.044294	79337.189292	0.000000
126.085438	79311.299965	0.000000
126.126582	79285.427529	0.000000
126.167727	79259.571968	0.000000
126.208871	79233.733265	0.000000
126.250015	79207.911402	0.000000
126.291159	79182.106365	0.000000
126.332303	79156.318137	0.000000
126.373448	79130.546700	0.000000
126.414592	79104.792039	0.000000
126.455736	79079.054138	0.000000
126.496880	79053.332979	0.000000
126.538025	79027.628547	0.000000
126.579169	79001.940825	0.000000
126.620313	78976.269798	0.000000
126.661457	78950.615448	0.000000
126.702601	78924.977759	0.000000
126.743746	78899.356716	0.000000
126.784890	78873.752302	0.000000
126.826034	78848.164501	0.000000
126.867178	78822.593297	0.000000
126.908323	78797.038673	0.000000
126.949467	78771.500613	0.000000
126.990611	78745.979102	0.000000
127.031755	78720.474124	0.000000
127.072899	78694.985661	0.000000
127.114044	78669.513699	0.000000
127.155188	78644.058221	0.000000
127.196332	78618.619211	0.000000
127.237476	78593.196653	0.000000
127.278621	78567.790532	0.000000
127.319765	78542.400831	0.000000
127.360909	78517.027534	0.000000
127.402053	78491.670626	0.000000
127.443197	78466.330090	0.000000
127.484342	78441.005911	0.000000
127.525486	78415.698073	0.000000
127.566630	78390.406561	0.000000
127.607774	78365.131357	0.000000
127.648919	78339.872447	0.000000
127.690063	78314.629815	0.000000
127.731207	78289.403445	0.000000
127.772351	78264.193322	0.000000
127.813495	78238.999429	0.000000
127.854640	78213.821751	0.000000
127.895784	78188.660273	0.000000
127.936928	78163.514978	0.000000
127.978072	78138.385852	0.000000
128.019217	78113.272878	0.000000
128.060361	78088.176041	0.000000
128.101505	78063.095325	0.000000
128.142649	78038.030715	0.000000
128.183793	78012.982196	0.000000
128.224938	77987.949752	0.000000
128.266082	77962.933367	0.000000
128.307226	77937.933026	0.000000
128.348370	77912.948713	0.000000
128.389515	77887.980414	0.000000
128.430659	77863.028113	0.000000
128.471803	77838.091794	0.000000
128.512947	77813.171441	0.000000
128.554092	77788.267041	0.000000
128.595236	77763.378577	0.000000
128.636380	77738.506034	0.000000
128.677524	77713.649397	0.000000
128.718668	77688.808651	0.000000
128.759813	77663.983780	0.000000
128.800957	77639.174769	0.000000
128.842101	77614.381603	0.000000
128.883245	77589.604266	0.000000
128.924390	77564.842745	0.000000
128.965534	77540.097023	0.000000
129.006678	77515.367085	0.000000
129.047822	77490.652916	0.000000
129.088966	77465.954502	0.000000
129.130111	77441.271826	0.000000
129.171255	77416.604875	0.000000
129.212399	77391.953633	0.000000
129.253543	77367.318085	0.000000
129.294688	77342.698216	0.000000
129.335832	77318.094011	0.000000
129.376976	77293.505455	0.000000
129.418120	77268.932534	0.000000
129.459264	77244.375232	0.000000
129.500409	77219.833534	0.000000
129.541553	77195.307426	0.000000
129.582697	77170.796892	0.000000
129.623841	77146.301919	0.000000
129.664986	77121.822490	0.000000
129.706130	77097.358592	0.000000
129.747274	77072.910210	0.000000
129.788418	77048.477328	0.000000
129.829562	77024.059932	0.000000
129.870707	76999.658008	0.000000
129.911851	76975.271540	0.000000
129.952995	76950.900514	0.000000
129.994139	76926.544915	0.000000
130.035284	76902.204729	0.000000
130.076428	76877.879941	0.000000
130.117572	76853.570536	0.000000
130.158716	76829.276500	0.000000
130.199860	76804.997818	0.000000
130.241005	76780.734476	0.000000
130.282149	76756.486460	0.000000
130.323293	76732.253753	0.000000
130.364437	76708.036343	0.000000
130.405582	76683.834215	0.000000
130.446726	76659.647353	0.000000
130.487870	76635.475745	0.000000
130.529014	76611.319375	0.000000
130.570158	76587.178229	0.000000
130.611303	76563.052292	0.000000
130.652447	76538.941550	0.000000
130.693591	76514.845990	0.000000
130.734735	76490.765595	0.000000
130.775880	76466.700353	0.000000
130.817024	76442.650249	0.000000
130.858168	76418.615268	0.000000
130.899312	76394.595397	0.000000
130.940457	76370.590621	0.000000
130.981601	76346.600926	0.000000
131.022745	76322.626297	0.000000
131.063889	76298.666721	0.000000
131.105033	76274.722183	0.000000
131.146178	76250.792669	0.000000
131.187322	76226.878165	0.000000
131.228466	76202.978658	0.000000
131.269610	76179.094131	0.000000
131.310755	76155.224573	0.000000
131.351899	76131.369968	0.000000
131.393043	76107.530303	0.000000
131.434187	76083.705564	0.000000
131.475331	76059.895736	0.000000
131.516476	76036.100805	0.000000
131.557620	76012.320758	0.000000
131.598764	75988.555581	0.000000
131.639908	75964.805259	0.000000
131.681053	75941.069780	0.000000
131.722197	75917.349128	0.000000
131.763341	75893.643289	0.000000
131.804485	75869.952251	0.000000
131.845629	75846.276000	0.000000
131.886774	75822.614520	0.000000
131.927918	75798.967800	0.000000
131.969062	75775.335823	0.000000
132.010206	75751.718578	0.000000
132.051351	75728.116050	0.000000
132.092495	75704.528226	0.000000
132.133639	75680.955091	0.000000
132.174783	75657.396633	0.000000
132.215927	75633.852836	0.000000
132.257072	75610.323688	0.000000
132.298216	75586.809175	0.000000
132.339360	75563.309284	0.000000
132.380504	75539.824000	0.000000
132.421649	75516.353310	0.000000
132.462793	75492.897201	0.000000
132.503937	75469.455658	0.000000
132.545081	75446.028669	0.000000
132.586225	75422.616219	0.000000
132.627370	75399.218296	0.000000
132.668514	75375.834885	0.000000
132.709658	75352.465974	0.000000
132.750802	75329.111548	0.000000
132.791947	75305.771595	0.000000
132.833091	75282.446100	0.000000
132.874235	75259.135051	0.000000
132.915379	75235.838434	0.000000
132.956523	75212.556235	0.000000
132.997668	75189.288442	0.000000
133.038812	75166.035040	0.000000
133.079956	75142.796017	0.000000
133.121100	75119.571359	0.000000
133.162245	75096.361053	0.000000
133.203389	75073.165085	0.000000
133.244533	75049.983442	0.000000
133.285677	75026.816112	0.000000
133.326822	75003.663080	0.000000
133.367966	74980.524334	0.000000
133.409110	74957.399860	0.000000
133.450254	74934.289645	0.000000
133.491398	74911.193676	0.000000
133.532543	74888.111940	0.000000
133.573687	74865.044423	0.000000
133.614831	74841.991113	0.000000
133.655975	74818.951996	0.000000
133.697120	74795.927059	0.000000
133.738264	74772.916289	0.000000
133.779408	74749.919673	0.000000
133.820552	74726.937199	0.000000
133.861696	74703.968852	0.000000
133.902841	74681.014620	0.000000
133.943985	74658.074491	0.000000
133.985129	74635.148450	0.000000
134.026273	74612.236485	0.000000
134.067418	74589.338583	0.000000
134.108562	74566.454731	0.000000
134.149706	74543.584916	0.000000
134.190850	74520.729126	0.000000
134.231994	74497.887347	0.000000
134.273139	74475.059566	0.000000
134.314283	74452.245771	0.000000
134.355427	74429.445948	0.000000
134.396571	74406.660086	0.000000
134.437716	74383.888170	0.000000
134.478860	74361.130189	0.000000
134.520004	74338.386129	0.000000
134.561148	74315.655978	0.000000
134.602292	74292.939723	0.000000
134.643437	74270.237351	0.000000
134.684581	74247.548850	0.000000
134.725725	74224.874207	0.000000
134.766869	74202.213408	0.000000
134.808014	74179.566442	0.000000
134.849158	74156.933296	0.000000
134.890302	74134.313957	0.000000
134.931446	74111.708412	0.000000
134.972590	74089.116650	0.000000
135.013735	74066.538656	0.000000
135.054879	74043.974419	0.000000
135.096023	74021.423927	0.000000
135.137167	73998.887166	0.000000
135.178312	73976.364124	0.000000
135.219456	73953.854788	0.000000
135.260600	73931.359147	0.000000
135.301744	73908.877187	0.000000
135.342888	73886.408896	0.000000
135.384033	73863.954261	0.000000
135.425177	73841.513271	0.000000
135.466321	73819.085912	0.000000
135.507465	73796.672173	0.000000
135.548610	73774.272040	0.000000
135.589754	73751.885502	0.000000
135.630898	73729.512546	0.000000
135.672042	73707.153160	0.000000
135.713187	73684.807331	0.000000
135.754331	73662.475048	0.000000
135.795475	73640.156297	0.000000
135.836619	73617.851066	0.000000
135.877763	73595.559344	0.000000
135.918908	73573.281118	0.000000
135.960052	73551.016375	0.000000
136.001196	73528.765104	0.000000
136.042340	73506.527292	0.000000
136.083485	73484.302927	0.000000
136.124629	73462.091997	0.000000
136.165773	73439.894489	0.000000
136.206917	73417.710392	0.000000
136.248061	73395.539693	0.000000
136.289206	73373.382381	0.000000
136.330350	73351.238442	0.000000
136.371494	73329.107866	0.000000
136.412638	73306.990639	0.000000
136.453783	73284.886750	0.000000
136.494927	73262.796187	0.000000
136.536071	73240.718937	0.000000
136.577215	73218.654989	0.000000
136.618359	73196.604331	0.000000
136.659504	73174.566951	0.000000
136.700648	73152.542836	0.000000
136.741792	73130.531975	0.000000
136.782936	73108.534355	0.000000
136.824081	73086.549965	0.000000
136.865225	73064.578793	0.000000
136.906369	73042.620827	0.000000
136.947513	73020.676055	0.000000
136.988657	72998.744465	0.000000
137.029802	72976.826046	0.000000
137.070946	72954.920784	0.000000
137.112090	72933.028670	0.000000
137.153234	72911.149689	0.000000
137.194379	72889.283832	0.000000
137.235523	72867.431086	0.000000
137.276667	72845.591440	0.000000
137.317811	72823.764880	0.000000
137.358955	72801.951397	0.000000
137.400100	72780.150977	0.000000
137.441244	72758.363610	0.000000
137.482388	72736.589284	0.000000
137.523532	72714.827986	0.000000
137.564677	72693.079706	0.000000
137.605821	72671.344431	0.000000
137.646965	72649.622149	0.000000
137.688109	72627.912850	0.000000
137.729253	72606.216522	0.000000
137.770398	72584.533152	0.000000
137.811542	72562.862730	0.000000
137.852686	72541.205244	0.000000
137.893830	72519.560681	0.000000
137.934975	72497.929032	0.000000
137.976119	72476.310283	0.000000
138.017263	72454.704424	0.000000
138.058407	72433.111443	0.000000
138.099552	72411.531328	0.000000
138.140696	72389.964068	0.000000
138.181840	72368.409652	0.000000
138.222984	72346.868067	0.000000
138.264128	72325.339304	0.000000
138.305273	72303.823349	0.000000
138.346417	72282.320192	0.000000
138.387561	72260.829822	0.000000
138.428705	72239.352226	0.000000
138.469850	72217.887394	0.000000
138.510994	72196.435313	0.000000
138.552138	72174.995974	0.000000
138.593282	72153.569364	0.000000
138.634426	72132.155472	0.000000
138.675571	72110.754287	0.000000
138.716715	72089.365797	0.000000
138.757859	72067.989991	0.000000
138.799003	72046.626859	0.000000
138.840148	72025.276388	0.000000
138.881292	72003.938567	0.000000
138.922436	71982.613385	0.000000
138.963580	71961.300831	0.000000
139.004724	71940.000894	0.000000
139.045869	71918.713563	0.000000
139.087013	71897.438825	0.000000
139.128157	71876.176671	0.000000
139.169301	71854.927089	0.000000
139.210446	71833.690067	0.000000
139.251590	71812.465596	0.000000
139.292734	71791.253662	0.000000
139.333878	71770.054257	0.000000
139.375022	71748.867367	0.000000
139.416167	71727.692983	0.000000
139.457311	71706.531093	0.000000
139.498455	71685.381686	0.000000
139.539599	71664.244751	0.000000
139.580744	71643.120278	0.000000
139.621888	71622.008254	0.000000
139.663032	71600.908669	0.000000
139.704176	71579.821513	0.000000
139.745320	71558.746773	0.000000
139.786465	71537.684440	0.000000
139.827609	71516.634502	0.000000
139.868753	71495.596948	0.000000
139.909897	71474.571767	0.000000
139.951042	71453.558949	0.000000
139.992186	71432.558482	0.000000
140.033330	71411.570356	0.000000
140.074474	71390.594560	0.000000
140.115618	71369.631082	0.000000
140.156763	71348.679913	0.000000
140.197907	71327.741041	0.000000
140.239051	71306.814455	0.000000
140.280195	71285.900144	0.000000
140.321340	71264.998098	0.000000
140.362484	71244.108307	0.000000
140.403628	71223.230758	0.000000
140.444772	71202.365442	0.000000
140.485916	71181.512348	0.000000
140.527061	71160.671464	0.000000
140.568205	71139.842781	0.000000
140.609349	71119.026287	0.000000
140.650493	71098.221972	0.000000
140.691638	71077.429826	0.000000
140.732782	71056.649836	0.000000
140.773926	71035.881994	0.000000
140.815070	71015.126288	0.000000
140.856215	70994.382707	0.000000
140.897359	70973.651241	0.000000
140.938503	70952.931879	0.000000
140.979647	70932.224611	0.000000
141.020791	70911.529426	0.000000
141.061936	70890.846314	0.000000
141.103080	70870.175264	0.000000
141.144224	70849.516265	0.000000
141.185368	70828.869307	0.000000
141.226513	70808.234379	0.000000
141.267657	70787.611471	0.000000
141.308801	70767.000573	0.000000
141.349945	70746.401673	0.000000
141.391089	70725.814762	0.000000
141.432234	70705.239829	0.000000
141.473378	70684.676863	0.000000
141.514522	70664.125854	0.000000
141.555666	70643.586792	0.000000
141.596811	70623.059666	0.000000
141.637955	70602.544466	0.000000
141.679099	70582.041181	0.000000
141.720243	70561.549801	0.000000
141.761387	70541.070316	0.000000
141.802532	70520.602716	0.000000
141.843676	70500.146989	0.000000
141.884820	70479.703126	0.000000
141.925964	70459.271116	0.000000
141.967109	70438.850949	0.000000
142.008253	70418.442615	0.000000
142.049397	70398.046103	0.000000
142.090541	70377.661404	0.000000
142.131685	70357.288506	0.000000
142.172830	70336.927400	0.000000
142.213974	70316.578076	0.000000
142.255118	70296.240523	0.000000
142.296262	70275.914730	0.000000
142.337407	70255.600689	0.000000
142.378551	70235.298388	0.000000
142.419695	70215.007817	0.000000
142.460839	70194.728967	0.000000
142.501983	70174.461827	0.000000
142.543128	70154.206387	0.000000
142.584272	70133.962637	0.000000
142.625416	70113.730566	0.000000
142.666560	70093.510165	0.000000
142.707705	70073.301424	0.000000
142.748849	70053.104332	0.000000
142.789993	70032.918880	0.000000
142.831137	70012.745057	0.000000
142.872281	69992.582853	0.000000
142.913426	69972.432258	0.000000
142.954570	69952.293263	0.000000
142.995714	69932.165856	0.000000
143.036858	69912.050029	0.000000
143.078003	69891.945771	0.000000
143.119147	69871.853073	0.000000
143.160291	69851.771924	0.000000
143.201435	69831.702314	0.000000
143.242580	69811.644233	0.000000
143.283724	69791.597672	0.000000
143.324868	69771.562620	0.000000
143.366012	69751.539068	0.000000
143.407156	69731.527006	0.000000
143.448301	69711.526423	0.000000
143.489445	69691.537311	0.000000
143.530589	69671.559658	0.000000
143.571733	69651.593456	0.000000
143.612878	69631.638694	0.000000
143.654022	69611.695363	0.000000
143.695166	69591.763452	0.000000
143.736310	69571.842953	0.000000
143.777454	69551.933854	0.000000
143.818599	69532.036147	0.000000
143.859743	69512.149822	0.000000
143.900887	69492.274868	0.000000
143.942031	69472.411276	0.000000
143.983176	69452.559037	0.000000
144.024320	69432.718140	0.000000
144.065464	69412.888576	0.000000
144.106608	69393.070336	0.000000
144.147752	69373.263409	0.000000
144.188897	69353.467785	0.000000
144.230041	69333.683456	0.000000
144.271185	69313.910411	0.000000
144.312329	69294.148641	0.000000
144.353474	69274.398136	0.000000
144.394618	69254.658887	0.000000
144.435762	69234.930884	0.000000
144.476906	69215.214116	0.000000
144.518050	69195.508576	0.000000
144.559195	69175.814253	0.000000
144.600339	69156.131137	0.000000
144.641483	69136.459219	0.000000
144.682627	69116.798490	0.000000
144.723772	69097.148940	0.000000
144.764916	69077.510559	0.000000
144.806060	69057.883337	0.000000
144.847204	69038.267266	0.000000
144.888348	69018.662336	0.000000
144.929493	68999.068538	0.000000
144.970637	68979.485861	0.000000
145.011781	68959.914296	0.000000
145.052925	68940.353835	0.000000
145.094070	68920.804467	0.000000
145.135214	68901.266183	0.000000
145.176358	68881.738973	0.000000
145.217502	68862.222829	0.000000
145.258646	68842.717741	0.000000
145.299791	68823.223699	0.000000
145.340935	68803.740694	0.000000
145.382079	68784.268717	0.000000
145.423223	68764.807758	0.000000
145.464368	68745.357808	0.000000
145.505512	68725.918858	0.000000
145.546656	68706.490898	0.000000
145.587800	68687.073919	0.000000
145.628945	68667.667912	0.000000
145.670089	68648.272867	0.000000
145.711233	68628.888775	0.000000
145.752377	68609.515627	0.000000
145.793521	68590.153414	0.000000
145.834666	68570.802125	0.000000
145.875810	68551.461753	0.000000
145.916954	68532.132288	0.000000
145.958098	68512.813720	0.000000
145.999243	68493.506041	0.000000
146.040387	68474.209241	0.000000
146.081531	68454.923311	0.000000
146.122675	68435.648241	0.000000
146.163819	68416.384023	0.000000
146.204964	68397.130648	0.000000
146.246108	68377.888106	0.000000
146.287252	68358.656388	0.000000
146.328396	68339.435486	0.000000
146.369541	68320.225389	0.000000
146.410685	68301.026089	0.000000
146.451829	68281.837576	0.000000
146.492973	68262.659843	0.000000
146.534117	68243.492879	0.000000
146.575262	68224.336675	0.000000
146.616406	68205.191223	0.000000
146.657550	68186.056513	0.000000
146.698694	68166.932536	0.000000
146.739839	68147.819284	0.000000
146.780983	68128.716747	0.000000
146.822127	68109.624916	0.000000
146.863271	68090.543783	0.000000
146.904415	68071.473338	0.000000
146.945560	68052.413572	0.000000
146.986704	68033.364477	0.000000
147.027848	68014.326043	0.000000
147.068992	67995.298261	0.000000
147.110137	67976.281123	0.000000
147.151281	67957.274619	0.000000
147.192425	67938.278741	0.000000
147.233569	67919.293480	0.000000
147.274713	67900.318827	0.000000
147.315858	67881.354773	0.000000
147.357002	67862.401308	0.000000
147.398146	67843.458425	0.000000
147.439290	67824.526114	0.000000
147.480435	67805.604367	0.000000
147.521579	67786.693175	0.000000
147.562723	67767.792528	0.000000
147.603867	67748.902418	0.000000
147.645011	67730.022837	0.000000
147.686156	67711.153775	0.000000
147.727300	67692.295223	0.000000
147.768444	67673.447174	0.000000
147.809588	67654.609617	0.000000
147.850733	67635.782545	0.000000
147.891877	67616.965948	0.000000
147.933021	67598.159819	0.000000
147.974165	67579.364147	0.000000
148.015310	67560.578925	0.000000
148.056454	67541.804143	0.000000
148.097598	67523.039793	0.000000
148.138742	67504.285867	0.000000
148.179886	67485.542355	0.000000
148.221031	67466.809249	0.000000
148.262175	67448.086540	0.000000
148.303319	67429.374220	0.000000
148.344463	67410.672280	0.000000
148.385608	67391.980711	0.000000
148.426752	67373.299504	0.000000
148.467896	67354.628652	0.000000
148.509040	67335.968146	0.000000
148.550184	67317.317976	0.000000
148.591329	67298.678134	0.000000
148.632473	67280.048613	0.000000
148.673617	67261.429402	0.000000
148.714761	67242.820494	0.000000
148.755906	67224.221880	0.000000
148.797050	67205.633551	0.000000
148.838194	67187.055500	0.000000
148.879338	67168.487716	0.000000
148.920482	67149.930193	0.000000
148.961627	67131.382921	0.000000
149.002771	67112.845893	0.000000
149.043915	67094.319098	0.000000
149.085059	67075.802530	0.000000
149.126204	67057.296179	0.000000
149.167348	67038.800037	0.000000
149.208492	67020.314096	0.000000
149.249636	67001.838347	0.000000
149.290780	66983.372782	0.000000
149.331925	66964.917392	0.000000
149.373069	66946.472169	0.000000
149.414213	66928.037104	0.000000
149.455357	66909.612190	0.000000
149.496502	66891.197417	0.000000
149.537646	66872.792778	0.000000
149.578790	66854.398264	0.000000
149.619934	66836.013866	0.000000
149.661078	66817.639577	0.000000
149.702223	66799.275388	0.000000
149.743367	66780.921291	0.000000
149.784511	66762.577277	0.000000
149.825655	66744.243337	0.000000
149.866800	66725.919465	0.000000
149.907944	66707.605651	0.000000
149.949088	66689.301887	0.000000
149.990232	66671.008166	0.000000
150.031376	66652.724478	0.000000
150.072521	66634.450815	0.000000
150.113665	66616.187169	0.000000
150.154809	66597.933533	0.000000
150.195953	66579.689897	0.000000
150.237098	66561.456253	0.000000
150.278242	66543.232594	0.000000
150.319386	66525.018911	0.000000
150.360530	66506.815195	0.000000
150.401675	66488.621440	0.000000
150.442819	66470.437636	0.000000
150.483963	66452.263775	0.000000
150.525107	66434.099849	0.000000
150.566251	66415.945851	0.000000
150.607396	66397.801771	0.000000
150.648540	66379.667603	0.000000
150.689684	66361.543337	0.000000
150.730828	66343.428965	0.000000
150.771973	66325.324480	0.000000
150.813117	66307.229874	0.000000
150.854261	66289.145138	0.000000
150.895405	66271.070264	0.000000
150.936549	66253.005244	0.000000
150.977694	66234.950070	0.000000
151.018838	66216.904734	0.000000
151.059982	66198.869228	0.000000
151.101126	66180.843545	0.000000
151.142271	66162.827675	0.000000
151.183415	66144.821611	0.000000
151.224559	66126.825345	0.000000
151.265703	66108.838870	0.000000
151.306847	66090.862176	0.000000
151.347992	66072.895256	0.000000
151.389136	66054.938102	0.000000
151.430280	66036.990706	0.000000
151.471424	66019.053060	0.000000
151.512569	66001.125157	0.000000
151.553713	65983.206988	0.000000
151.594857	65965.298545	0.000000
151.636001	65947.399820	0.000000
151.677145	65929.510806	0.000000
151.718290	65911.631494	0.000000
151.759434	65893.761877	0.000000
151.800578	65875.901947	0.000000
151.841722	65858.051696	0.000000
151.882867	65840.211116	0.000000
151.924011	65822.380199	0.000000
151.965155	65804.558938	0.000000
152.006299	65786.747324	0.000000
152.047443	65768.945350	0.000000
152.088588	65751.153007	0.000000
152.129732	65733.370289	0.000000
152.170876	65715.597187	0.000000
152.212020	65697.833693	0.000000
152.253165	65680.079800	0.000000
152.294309	65662.335500	0.000000
152.335453	65644.600785	0.000000
152.376597	65626.875648	0.000000
152.417741	65609.160079	0.000000
152.458886	65591.454073	0.000000
152.500030	65573.757621	0.000000
152.541174	65556.070715	0.000000
152.582318	65538.393348	0.000000
152.623463	65520.725512	0.000000
152.664607	65503.067199	0.000000
152.705751	65485.418401	0.000000
152.746895	65467.779112	0.000000
152.788040	65450.149322	0.000000
152.829184	65432.529025	0.000000
152.870328	65414.918213	0.000000
152.911472	65397.316878	0.000000
152.952616	65379.725012	0.000000
152.993761	65362.142609	0.000000
153.034905	65344.569659	0.000000
153.076049	65327.006157	0.000000
153.117193	65309.452093	0.000000
153.158338	65291.907460	0.000000
153.199482	65274.372252	0.000000
153.240626	65256.846459	0.000000
153.281770	65239.330076	0.000000
153.322914	65221.823093	0.000000
153.364059	65204.325504	0.000000
153.405203	65186.837300	0.000000
153.446347	65169.358475	0.000000
153.487491	65151.889021	0.000000
153.528636	65134.428930	0.000000
153.569780	65116.978195	0.000000
153.610924	65099.536808	0.000000
153.652068	65082.104762	0.000000
153.693212	65064.682050	0.000000
153.734357	65047.268663	0.000000
153.775501	65029.864594	0.000000
153.816645	65012.469836	0.000000
153.857789	64995.084381	0.000000
153.898934	64977.708222	0.000000
153.940078	64960.341352	0.000000
153.981222	64942.983762	0.000000
154.022366	64925.635446	0.000000
154.063510	64908.296396	0.000000
154.104655	64890.966605	0.000000
154.145799	64873.646065	0.000000
154.186943	64856.334769	0.000000
154.228087	64839.032709	0.000000
154.269232	64821.739879	0.000000
154.310376	64804.456270	0.000000
154.351520	64787.181875	0.000000
154.392664	64769.916687	0.000000
154.433808	64752.660699	0.000000
154.474953	64735.413903	0.000000
154.516097	64718.176292	0.000000
154.557241	64700.947859	0.000000
154.598385	64683.728596	0.000000
154.639530	64666.518495	0.000000
154.680674	64649.317550	0.000000
154.721818	64632.125754	0.000000
154.762962	64614.943098	0.000000
154.804106	64597.769577	0.000000
154.845251	64580.605181	0.000000
154.886395	64563.449905	0.000000
154.927539	64546.303741	0.000000
154.968683	64529.166681	0.000000
155.009828	64512.038719	0.000000
155.050972	64494.919846	0.000000
155.092116	64477.810057	0.000000
155.133260	64460.709343	0.000000
155.174404	64443.617698	0.000000
155.215549	64426.535114	0.000000
155.256693	64409.461584	0.000000
155.297837	64392.397101	0.000000
155.338981	64375.341658	0.000000
155.380126	64358.295247	0.000000
155.421270	64341.257861	0.000000
155.462414	64324.229493	0.000000
155.503558	64307.210137	0.000000
155.544703	64290.199784	0.000000
155.585847	64273.198428	0.000000
155.626991	64256.206061	0.000000
155.668135	64239.222677	0.000000
155.709279	64222.248268	0.000000
155.750424	64205.282827	0.000000
155.791568	64188.326348	0.000000
155.832712	64171.378822	0.000000
155.873856	64154.440243	0.000000
155.915001	64137.510605	0.000000
155.956145	64120.589898	0.000000
155.997289	64103.678118	0.000000
156.038433	64086.775256	0.000000
156.079577	64069.881305	0.000000
156.120722	64052.996259	0.000000
156.161866	64036.120111	0.000000
156.203010	64019.252853	0.000000
156.244154	64002.394478	0.000000
156.285299	63985.544980	0.000000
156.326443	63968.704351	0.000000
156.367587	63951.872585	0.000000
156.408731	63935.049674	0.000000
156.449875	63918.235611	0.000000
156.491020	63901.430390	0.000000
156.532164	63884.634003	0.000000
156.573308	63867.846444	0.000000
156.614452	63851.067705	0.000000
156.655597	63834.297780	0.000000
156.696741	63817.536661	0.000000
156.737885	63800.784342	0.000000
156.779029	63784.040816	0.000000
156.820173	63767.306076	0.000000
156.861318	63750.580115	0.000000
156.902462	63733.862925	0.000000
156.943606	63717.154501	0.000000
156.984750	63700.454835	0.000000
157.025895	63683.763921	0.000000
157.067039	63667.081751	0.000000
157.108183	63650.408318	0.000000
157.149327	63633.743617	0.000000
157.190471	63617.087639	0.000000
157.231616	63600.440378	0.000000
157.272760	63583.801827	0.000000
157.313904	63567.171980	0.000000
157.355048	63550.550829	0.000000
157.396193	63533.938369	0.000000
157.437337	63517.334590	0.000000
157.478481	63500.739489	0.000000
157.519625	63484.153056	0.000000
157.560769	63467.575286	0.000000
157.601914	63451.006171	0.000000
157.643058	63434.445706	0.000000
157.684202	63417.893883	0.000000
157.725346	63401.350695	0.000000
157.766491	63384.816136	0.000000
157.807635	63368.290198	0.000000
157.848779	63351.772876	0.000000
157.889923	63335.264162	0.000000
157.931068	63318.764050	0.000000
157.972212	63302.272533	0.000000
158.013356	63285.789605	0.000000
158.054500	63269.315257	0.000000
158.095644	63252.849485	0.000000
158.136789	63236.392281	0.000000
158.177933	63219.943638	0.000000
158.219077	63203.503550	0.000000
158.260221	63187.072011	0.000000
158.301366	63170.649013	0.000000
158.342510	63154.234549	0.000000
158.383654	63137.828614	0.000000
158.424798	63121.431200	0.000000
158.465942	63105.042301	0.000000
158.507087	63088.661910	0.000000
158.548231	63072.290021	0.000000
158.589375	63055.926627	0.000000
158.630519	63039.571722	0.000000
158.671664	63023.225298	0.000000
158.712808	63006.887349	0.000000
158.753952	62990.557869	0.000000
158.795096	62974.236851	0.000000
158.836240	62957.924289	0.000000
158.877385	62941.620175	0.000000
158.918529	62925.324503	0.000000
158.959673	62909.037268	0.000000
159.000817	62892.758461	0.000000
159.041962	62876.488078	0.000000
159.083106	62860.226110	0.000000
159.124250	62843.972552	0.000000
159.165394	62827.727397	0.000000
159.206538	62811.490639	0.000000
159.247683	62795.262270	0.000000
159.288827	62779.042286	0.000000
159.329971	62762.830678	0.000000
159.371115	62746.627441	0.000000
159.412260	62730.432568	0.000000
159.453404	62714.246052	0.000000
159.494548	62698.067888	0.000000
159.535692	62681.898069	0.000000
159.576836	62665.736587	0.000000
159.617981	62649.583438	0.000000
159.659125	62633.438614	0.000000
159.700269	62617.302108	0.000000
159.741413	62601.173916	0.000000
159.782558	62585.054029	0.000000
159.823702	62568.942442	0.000000
159.864846	62552.839148	0.000000
159.905990	62536.744141	0.000000
159.947134	62520.657415	0.000000
159.988279	62504.578962	0.000000
160.029423	62488.508777	0.000000
160.070567	62472.446854	0.000000
160.111711	62456.393185	0.000000
160.152856	62440.347765	0.000000
160.194000	62424.310587	0.000000
160.235144	62408.281645	0.000000
160.276288	62392.260933	0.000000
160.317433	62376.248444	0.000000
160.358577	62360.244171	0.000000
160.399721	62344.248109	0.000000
160.440865	62328.260252	0.000000
160.482009	62312.280592	0.000000
160.523154	62296.309124	0.000000
160.564298	62280.345841	0.000000
160.605442	62264.390737	0.000000
160.646586	62248.443806	0.000000
160.687731	62232.505041	0.000000
160.728875	62216.574437	0.000000
160.770019	62200.651986	0.000000
160.811163	62184.737683	0.000000
160.852307	62168.831522	0.000000
160.893452	62152.933495	0.000000
160.934596	62137.043598	0.000000
160.975740	62121.161823	0.000000
161.016884	62105.288165	0.000000
161.058029	62089.422617	0.000000
161.099173	62073.565173	0.000000
161.140317	62057.715827	0.000000
161.181461	62041.874572	0.000000
161.222605	62026.041403	0.000000
161.263750	62010.216313	0.000000
161.304894	61994.399296	0.000000
161.346038	61978.590346	0.000000
161.387182	61962.789457	0.000000
161.428327	61946.996622	0.000000
161.469471	61931.211835	0.000000
161.510615	61915.435091	0.000000
161.551759	61899.666383	0.000000
161.592903	61883.905705	0.000000
161.634048	61868.153051	0.000000
161.675192	61852.408414	0.000000
161.716336	61836.671789	0.000000
161.757480	61820.943169	0.000000
161.798625	61805.222549	0.000000
161.839769	61789.509922	0.000000
161.880913	61773.805282	0.000000
161.922057	61758.108623	0.000000
161.963201	61742.419939	0.000000
162.004346	61726.739224	0.000000
162.045490	61711.066472	0.000000
162.086634	61695.401677	0.000000
162.127778	61679.744832	0.000000
162.168923	61664.095932	0.000000
162.210067	61648.454971	0.000000
162.251211	61632.821942	0.000000
162.292355	61617.196840	0.000000
162.333499	61601.579658	0.000000
162.374644	61585.970391	0.000000
162.415788	61570.369033	0.000000
162.456932	61554.775576	0.000000
162.498076	61539.190017	0.000000
162.539221	61523.612347	0.000000
162.580365	61508.042563	0.000000
162.621509	61492.480656	0.000000
162.662653	61476.926622	0.000000
162.703798	61461.380455	0.000000
162.744942	61445.842149	0.000000
162.786086	61430.311697	0.000000
162.827230	61414.789093	0.000000
162.868374	61399.274333	0.000000
162.909519	61383.767409	0.000000
162.950663	61368.268316	0.000000
162.991807	61352.777048	0.000000
163.032951	61337.293598	0.000000
163.074096	61321.817962	0.000000
163.115240	61306.350133	0.000000
163.156384	61290.890106	0.000000
163.197528	61275.437874	0.000000
163.238672	61259.993431	0.000000
163.279817	61244.556771	0.000000
163.320961	61229.127890	0.000000
163.362105	61213.706780	0.000000
163.403249	61198.293436	0.000000
163.444394	61182.887852	0.000000
163.485538	61167.490023	0.000000
163.526682	61152.099942	0.000000
163.567826	61136.717603	0.000000
163.608970	61121.343001	0.000000
163.650115	61105.976130	0.000000
163.691259	61090.616983	0.000000
163.732403	61075.265556	0.000000
163.773547	61059.921843	0.000000
163.814692	61044.585837	0.000000
163.855836	61029.257532	0.000000
163.896980	61013.936924	0.000000
163.938124	60998.624006	0.000000
163.979268	60983.318772	0.000000
164.020413	60968.021217	0.000000
164.061557	60952.731334	0.000000
164.102701	60937.449119	0.000000
164.143845	60922.174564	0.000000
164.184990	60906.907666	0.000000
164.226134	60891.648417	0.000000
164.267278	60876.396812	0.000000
164.308422	60861.152845	0.000000
164.349566	60845.916511	0.000000
164.390711	60830.687804	0.000000
164.431855	60815.466717	0.000000
164.472999	60800.253247	0.000000
164.514143	60785.047385	0.000000
164.555288	60769.849128	0.000000
164.596432	60754.658469	0.000000
164.637576	60739.475402	0.000000
164.678720	60724.299922	0.000000
164.719864	60709.132024	0.000000
164.761009	60693.971701	0.000000
164.802153	60678.818947	0.000000
164.843297	60663.673758	0.000000
164.884441	60648.536127	0.000000
164.925586	60633.406049	0.000000
164.966730	60618.283519	0.000000
165.007874	60603.168529	0.000000
165.049018	60588.061076	0.000000
165.090163	60572.961153	0.000000
165.131307	60557.868754	0.000000
165.172451	60542.783875	0.000000
165.213595	60527.706509	0.000000
165.254739	60512.636650	0.000000
165.295884	60497.574294	0.000000
165.337028	60482.519435	0.000000
165.378172	60467.472066	0.000000
165.419316	60452.432182	0.000000
165.460461	60437.399779	0.000000
165.501605	60422.374850	0.000000
165.542749	60407.357389	0.000000
165.583893	60392.347391	0.000000
165.625037	60377.344851	0.000000
165.666182	60362.349763	0.000000
165.707326	60347.362121	0.000000
165.748470	60332.381920	0.000000
165.789614	60317.409154	0.000000
165.830759	60302.443819	0.000000
165.871903	60287.485907	0.000000
165.913047	60272.535414	0.000000
165.954191	60257.592334	0.000000
165.995335	60242.656662	0.000000
166.036480	60227.728393	0.000000
166.077624	60212.807519	0.000000
166.118768	60197.894037	0.000000
166.159912	60182.987941	0.000000
166.201057	60168.089225	0.000000
166.242201	60153.197884	0.000000
166.283345	60138.313912	0.000000
166.324489	60123.437304	0.000000
166.365633	60108.568054	0.000000
166.406778	60093.706157	0.000000
166.447922	60078.851607	0.000000
166.489066	60064.004400	0.000000
166.530210	60049.164528	0.000000
166.571355	60034.331988	0.000000
166.612499	60019.506774	0.000000
166.653643	60004.688880	0.000000
166.694787	59989.878301	0.000000
166.735931	59975.075031	0.000000
166.777076	59960.279065	0.000000
166.818220	59945.490398	0.000000
166.859364	59930.709023	0.000000
166.900508	59915.934937	0.000000
166.941653	59901.168133	0.000000
166.982797	59886.408606	0.000000
167.023941	59871.656351	0.000000
167.065085	59856.911362	0.000000
167.106229	59842.173634	0.000000
167.147374	59827.443161	0.000000
167.188518	59812.719939	0.000000
167.229662	59798.003961	0.000000
167.270806	59783.295223	0.000000
167.311951	59768.593719	0.000000
167.353095	59753.899444	0.000000
167.394239	59739.212393	0.000000
167.435383	59724.532559	0.000000
167.476527	59709.859939	0.000000
167.517672	59695.194526	0.000000
167.558816	59680.536315	0.000000
167.599960	59665.885301	0.000000
167.641104	59651.241478	0.000000
167.682249	59636.604842	0.000000
167.723393	59621.975387	0.000000
167.764537	59607.353108	0.000000
167.805681	59592.737999	0.000000
167.846826	59578.130055	0.000000
167.887970	59563.529272	0.000000
167.929114	59548.935643	0.000000
167.970258	59534.349163	0.000000
168.011402	59519.769828	0.000000
168.052547	59505.197631	0.000000
168.093691	59490.632568	0.000000
168.134835	59476.074634	0.000000
168.175979	59461.523822	0.000000
168.217124	59446.980129	0.000000
168.258268	59432.443548	0.000000
168.299412	59417.914075	0.000000
168.340556	59403.391704	0.000000
168.381700	59388.876431	0.000000
168.422845	59374.368249	0.000000
168.463989	59359.867154	0.000000
168.505133	59345.373140	0.000000
168.546277	59330.886203	0.000000
168.587422	59316.406337	0.000000
168.628566	59301.933537	0.000000
168.669710	59287.467798	0.000000
168.710854	59273.009114	0.000000
168.751998	59258.557481	0.000000
168.793143	59244.112894	0.000000
168.834287	59229.675346	0.000000
168.875431	59215.244833	0.000000
168.916575	59200.821351	0.000000
168.957720	59186.404893	0.000000
168.998864	59171.995454	0.000000
169.040008	59157.593030	0.000000
169.081152	59143.197616	0.000000
169.122296	59128.809206	0.000000
169.163441	59114.427795	0.000000
169.204585	59100.053378	0.000000
169.245729	59085.685950	0.000000
169.286873	59071.325505	0.000000
169.328018	59056.972040	0.000000
169.369162	59042.625548	0.000000
169.410306	59028.286025	0.000000
169.451450	59013.953465	0.000000
169.492594	58999.627864	0.000000
169.533739	58985.309216	0.000000
169.574883	58970.997517	0.000000
169.616027	58956.692760	0.000000
169.657171	58942.394942	0.000000
169.698316	58928.104057	0.000000
169.739460	58913.820100	0.000000
169.780604	58899.543067	0.000000
169.821748	58885.272951	0.000000
169.862892	58871.009748	0.000000
169.904037	58856.753453	0.000000
169.945181	58842.504062	0.000000
169.986325	58828.261568	0.000000
170.027469	58814.025967	0.000000
170.068614	58799.797254	0.000000
170.109758	58785.575425	0.000000
170.150902	58771.360473	0.000000
170.192046	58757.152394	0.000000
170.233191	58742.951183	0.000000
170.274335	58728.756835	0.000000
170.315479	58714.569345	0.000000
170.356623	58700.388708	0.000000
170.397767	58686.214920	0.000000
170.438912	58672.047974	0.000000
170.480056	58657.887867	0.000000
170.521200	58643.734593	0.000000
170.562344	58629.588147	0.000000
170.603489	58615.448524	0.000000
170.644633	58601.315720	0.000000
170.685777	58587.189730	0.000000
170.726921	58573.070548	0.000000
170.768065	58558.958170	0.000000
170.809210	58544.852590	0.000000
170.850354	58530.753804	0.000000
170.891498	58516.661807	0.000000
170.932642	58502.576595	0.000000
170.973787	58488.498161	0.000000
171.014931	58474.426501	0.000000
171.056075	58460.361611	0.000000
171.097219	58446.303486	0.000000
171.138363	58432.252119	0.000000
171.179508	58418.207508	0.000000
171.220652	58404.169646	0.000000
171.261796	58390.138530	0.000000
171.302940	58376.114153	0.000000
171.344085	58362.096512	0.000000
171.385229	58348.085601	0.000000
171.426373	58334.081415	0.000000
171.467517	58320.083951	0.000000
171.508661	58306.093202	0.000000
171.549806	58292.109164	0.000000
171.590950	58278.131833	0.000000
171.632094	58264.161202	0.000000
171.673238	58250.197269	0.000000
171.714383	58236.240027	0.000000
171.755527	58222.289472	0.000000
171.796671	58208.345599	0.000000
171.837815	58194.408404	0.000000
171.878959	58180.477881	0.000000
171.920104	58166.554026	0.000000
171.961248	58152.636833	0.000000
172.002392	58138.726300	0.000000
172.043536	58124.822419	0.000000
172.084681	58110.925187	0.000000
172.125825	58097.034599	0.000000
172.166969	58083.150650	0.000000
172.208113	58069.273335	0.000000
172.249257	58055.402650	0.000000
172.290402	58041.538590	0.000000
172.331546	58027.681150	0.000000
172.372690	58013.830325	0.000000
172.413834	57999.986111	0.000000
172.454979	57986.148503	0.000000
172.496123	57972.317496	0.000000
172.537267	57958.493086	0.000000
172.578411	57944.675267	0.000000
172.619556	57930.864035	0.000000
172.660700	57917.059385	0.000000
172.701844	57903.261313	0.000000
172.742988	57889.469814	0.000000
172.784132	57875.684883	0.000000
172.825277	57861.906516	0.000000
172.866421	57848.134708	0.000000
172.907565	57834.369453	0.000000
172.948709	57820.610748	0.000000
172.989854	57806.858588	0.000000
173.030998	57793.112968	0.000000
173.072142	57779.373884	0.000000
173.113286	57765.641330	0.000000
173.154430	57751.915302	0.000000
173.195575	57738.195796	0.000000
173.236719	57724.482807	0.000000
173.277863	57710.776330	0.000000
173.319007	57697.076360	0.000000
173.360152	57683.382894	0.000000
173.401296	57669.695925	0.000000
173.442440	57656.015451	0.000000
173.483584	57642.341465	0.000000
173.524728	57628.673964	0.000000
173.565873	57615.012943	0.000000
173.607017	57601.358397	0.000000
173.648161	57587.710322	0.000000
173.689305	57574.068712	0.000000
173.730450	57560.433564	0.000000
173.771594	57546.804873	0.000000
173.812738	57533.182634	0.000000
173.853882	57519.566843	0.000000
173.895026	57505.957495	0.000000
173.936171	57492.354585	0.000000
173.977315	57478.758110	0.000000
174.018459	57465.168064	0.000000
174.059603	57451.584442	0.000000
174.100748	57438.007241	0.000000
174.141892	57424.436456	0.000000
174.183036	57410.872081	0.000000
174.224180	57397.314114	0.000000
174.265324	57383.762548	0.000000
174.306469	57370.217380	0.000000
174.347613	57356.678606	0.000000
174.388757	57343.146219	0.000000
174.429901	57329.620217	0.000000
174.471046	57316.100594	0.000000
174.512190	57302.587346	0.000000
174.553334	57289.080469	0.000000
174.594478	57275.579957	0.000000
174.635622	57262.085807	0.000000
174.676767	57248.598014	0.000000
174.717911	57235.116573	0.000000
174.759055	57221.641481	0.000000
174.800199	57208.172731	0.000000
174.841344	57194.710321	0.000000
174.882488	57181.254246	0.000000
174.923632	57167.804500	0.000000
174.964776	57154.361080	0.000000
175.005921	57140.923981	0.000000
175.047065	57127.493199	0.000000
175.088209	57114.068730	0.000000
175.129353	57100.650567	0.000000
175.170497	57087.238709	0.000000
175.211642	57073.833149	0.000000
175.252786	57060.433884	0.000000
175.293930	57047.040908	0.000000
175.335074	57033.654219	0.000000
175.376219	57020.273810	0.000000
175.417363	57006.899678	0.000000
175.458507	56993.531819	0.000000
175.499651	56980.170227	0.000000
175.540795	56966.814899	0.000000
175.581940	56953.465831	0.000000
175.623084	56940.123017	0.000000
175.664228	56926.786453	0.000000
175.705372	56913.456135	0.000000
175.746517	56900.132059	0.000000
175.787661	56886.814220	0.000000
175.828805	56873.502613	0.000000
175.869949	56860.197235	0.000000
175.911093	56846.898081	0.000000
175.952238	56833.605147	0.000000
175.993382	56820.318428	0.000000
176.034526	56807.037921	0.000000
176.075670	56793.763619	0.000000
176.116815	56780.495520	0.000000
176.157959	56767.233619	0.000000
176.199103	56753.977912	0.000000
176.240247	56740.728393	0.000000
176.281391	56727.485060	0.000000
176.322536	56714.247907	0.000000
176.363680	56701.016930	0.000000
176.404824	56687.792126	0.000000
176.445968	56674.573489	0.000000
176.487113	56661.361015	0.000000
176.528257	56648.154700	0.000000
176.569401	56634.954540	0.000000
176.610545	56621.760530	0.000000
176.651689	56608.572666	0.000000
176.692834	56595.390944	0.000000
176.733978	56582.215360	0.000000
176.775122	56569.045909	0.000000
176.816266	56555.882586	0.000000
176.857411	56542.725389	0.000000
176.898555	56529.574311	0.000000
176.939699	56516.429350	0.000000
176.980843	56503.290501	0.000000
177.021987	56490.157759	0.000000
177.063132	56477.031121	0.000000
177.104276	56463.910581	0.000000
177.145420	56450.796137	0.000000
177.186564	56437.687783	0.000000
177.227709	56424.585515	0.000000
177.268853	56411.489330	0.000000
177.309997	56398.399222	0.000000
177.351141	56385.315188	0.000000
177.392286	56372.237223	0.000000
177.433430	56359.165324	0.000000
177.474574	56346.099485	0.000000
177.515718	56333.039703	0.000000
177.556862	56319.985974	0.000000
177.598007	56306.938293	0.000000
177.639151	56293.896656	0.000000
177.680295	56280.861060	0.000000
177.721439	56267.831498	0.000000
177.762584	56254.807969	0.000000
177.803728	56241.790467	0.000000
177.844872	56228.778988	0.000000
177.886016	56215.773527	0.000000
177.927160	56202.774082	0.000000
177.968305	56189.780648	0.000000
178.009449	56176.793219	0.000000
178.050593	56163.811794	0.000000
178.091737	56150.836366	0.000000
178.132882	56137.866932	0.000000
178.174026	56124.903488	0.000000
178.215170	56111.946030	0.000000
178.256314	56098.994554	0.000000
178.297458	56086.049054	0.000000
178.338603	56073.109529	0.000000
178.379747	56060.175972	0.000000
178.420891	56047.248380	0.000000
178.462035	56034.326749	0.000000
178.503180	56021.411075	0.000000
178.544324	56008.501354	0.000000
178.585468	55995.597581	0.000000
178.626612	55982.699752	0.000000
178.667756	55969.807864	0.000000
178.708901	55956.921912	0.000000
178.750045	55944.041892	0.000000
178.791189	55931.167800	0.000000
178.832333	55918.299632	0.000000
178.873478	55905.437384	0.000000
178.914622	55892.581052	0.000000
178.955766	55879.730631	0.000000
178.996910	55866.886118	0.000000
179.038054	55854.047508	0.000000
179.079199	55841.214798	0.000000
179.120343	55828.387983	0.000000
179.161487	55815.567060	0.000000
179.202631	55802.752024	0.000000
179.243776	55789.942871	0.000000
179.284920	55777.139597	0.000000
179.326064	55764.342198	0.000000
179.367208	55751.550671	0.000000
179.408352	55738.765010	0.000000
179.449497	55725.985213	0.000000
179.490641	55713.211274	0.000000
179.531785	55700.443191	0.000000
179.572929	55687.680958	0.000000
179.614074	55674.924572	0.000000
179.655218	55662.174029	0.000000
179.696362	55649.429325	0.000000
179.737506	55636.690456	0.000000
179.778651	55623.957417	0.000000
179.819795	55611.230206	0.000000
179.860939	55598.508817	0.000000
179.902083	55585.793247	0.000000
179.943227	55573.083492	0.000000
179.984372	55560.379548	0.000000
180.025516	55547.681411	0.000000
180.066660	55534.989077	0.000000
180.107804	55522.302541	0.000000
180.148949	55509.621801	0.000000
180.190093	55496.946851	0.000000
180.231237	55484.277689	0.000000
180.272381	55471.614309	0.000000
180.313525	55458.956709	0.000000
180.354670	55446.304884	0.000000
180.395814	55433.658830	0.000000
180.436958	55421.018543	0.000000
180.478102	55408.384020	0.000000
180.519247	55395.755256	0.000000
180.560391	55383.132247	0.000000
180.601535	55370.514990	0.000000
180.642679	55357.903481	0.000000
180.683823	55345.297715	0.000000
180.724968	55332.697688	0.000000
180.766112	55320.103398	0.000000
180.807256	55307.514839	0.000000
180.848400	55294.932009	0.000000
180.889545	55282.354902	0.000000
180.930689	55269.783516	0.000000
180.971833	55257.217846	0.000000
181.012977	55244.657888	0.000000
181.054121	55232.103639	0.000000
181.095266	55219.555094	0.000000
181.136410	55207.012250	0.000000
181.177554	55194.475103	0.000000
181.218698	55181.943648	0.000000
181.259843	55169.417883	0.000000
181.300987	55156.897803	0.000000
181.342131	55144.383404	0.000000
181.383275	55131.874682	0.000000
181.424419	55119.371634	0.000000
181.465564	55106.874256	0.000000
181.506708	55094.382544	0.000000
181.547852	55081.896493	0.000000
181.588996	55069.416101	0.000000
181.630141	55056.941363	0.000000
181.671285	55044.472276	0.000000
181.712429	55032.008835	0.000000
181.753573	55019.551037	0.000000
181.794717	55007.098878	0.000000
181.835862	54994.652354	0.000000
181.877006	54982.211462	0.000000
181.918150	54969.776196	0.000000
181.959294	54957.346555	0.000000
182.000439	54944.922533	0.000000
182.041583	54932.504128	0.000000
182.082727	54920.091335	0.000000
182.123871	54907.684150	0.000000
182.165015	54895.282569	0.000000
182.206160	54882.886590	0.000000
182.247304	54870.496208	0.000000
182.288448	54858.111418	0.000000
182.329592	54845.732219	0.000000
182.370737	54833.358605	0.000000
182.411881	54820.990573	0.000000
182.453025	54808.628119	0.000000
182.494169	54796.271239	0.000000
182.535314	54783.919930	0.000000
182.576458	54771.574188	0.000000
182.617602	54759.234009	0.000000
182.658746	54746.899389	0.000000
182.699890	54734.570325	0.000000
182.741035	54722.246812	0.000000
182.782179	54709.928848	0.000000
182.823323	54697.616427	0.000000
182.864467	54685.309548	0.000000
182.905612	54673.008205	0.000000
182.946756	54660.712395	0.000000
182.987900	54648.422115	0.000000
183.029044	54636.137360	0.000000
183.070188	54623.858127	0.000000
183.111333	54611.584413	0.000000
183.152477	54599.316212	0.000000
183.193621	54587.053523	0.000000
183.234765	54574.796340	0.000000
183.275910	54562.544661	0.000000
183.317054	54550.298481	0.000000
183.358198	54538.057798	0.000000
183.399342	54525.822606	0.000000
183.440486	54513.592903	0.000000
183.481631	54501.368685	0.000000
183.522775	54489.149948	0.000000
183.563919	54476.936688	0.000000
183.605063	54464.728903	0.000000
183.646208	54452.526587	0.000000
183.687352	54440.329738	0.000000
183.728496	54428.138351	0.000000
183.769640	54415.952423	0.000000
183.810784	54403.771951	0.000000
183.851929	54391.596931	0.000000
183.893073	54379.427358	0.000000
183.934217	54367.263231	0.000000
183.975361	54355.104543	0.000000
184.016506	54342.951293	0.000000
184.057650	54330.803477	0.000000
184.098794	54318.661090	0.000000
184.139938	54306.524130	0.000000
184.181082	54294.392592	0.000000
184.222227	54282.266473	0.000000
184.263371	54270.145769	0.000000
184.304515	54258.030477	0.000000
184.345659	54245.920593	0.000000
184.386804	54233.816113	0.000000
184.427948	54221.717034	0.000000
184.469092	54209.623352	0.000000
184.510236	54197.535064	0.000000
184.551380	54185.452166	0.000000
184.592525	54173.374654	0.000000
184.633669	54161.302525	0.000000
184.674813	54149.235776	0.000000
184.715957	54137.174401	0.000000
184.757102	54125.118399	0.000000
184.798246	54113.067765	0.000000
184.839390	54101.022496	0.000000
184.880534	54088.982588	0.000000
184.921679	54076.948038	0.000000
184.962823	54064.918842	0.000000
185.003967	54052.894996	0.000000
185.045111	54040.876498	0.000000
185.086255	54028.863342	0.000000
185.127400	54016.855527	0.000000
185.168544	54004.853048	0.000000
185.209688	53992.855901	0.000000
185.250832	53980.864084	0.000000
185.291977	53968.877592	0.000000
185.333121	53956.896422	0.000000
185.374265	53944.920571	0.000000
185.415409	53932.950034	0.000000
185.456553	53920.984809	0.000000
185.497698	53909.024892	0.000000
185.538842	53897.070280	0.000000
185.579986	53885.120968	0.000000
185.621130	53873.176953	0.000000
185.662275	53861.238232	0.000000
185.703419	53849.304802	0.000000
185.744563	53837.376658	0.000000
185.785707	53825.453797	0.000000
185.826851	53813.536216	0.000000
185.867996	53801.623912	0.000000
185.909140	53789.716880	0.000000
185.950284	53777.815117	0.000000
185.991428	53765.918620	0.000000
186.032573	53754.027385	0.000000
186.073717	53742.141409	0.000000
186.114861	53730.260688	0.000000
186.156005	53718.385219	0.000000
186.197149	53706.514998	0.000000
186.238294	53694.650022	0.000000
186.279438	53682.790288	0.000000
186.320582	53670.935791	0.000000
186.361726	53659.086528	0.000000
186.402871	53647.242497	0.000000
186.444015	53635.403693	0.000000
186.485159	53623.570112	0.000000
186.526303	53611.741753	0.000000
186.567447	53599.918610	0.000000
186.608592	53588.100682	0.000000
186.649736	53576.287963	0.000000
186.690880	53564.480451	0.000000
186.732024	53552.678142	0.000000
186.773169	53540.881033	0.000000
186.814313	53529.089121	0.000000
186.855457	53517.302402	0.000000
186.896601	53505.520872	0.000000
186.937745	53493.744528	0.000000
186.978890	53481.973367	0.000000
187.020034	53470.207385	0.000000
187.061178	53458.446580	0.000000
187.102322	53446.690946	0.000000
187.143467	53434.940482	0.000000
187.184611	53423.195183	0.000000
187.225755	53411.455047	0.000000
187.266899	53399.720069	0.000000
187.308044	53387.990247	0.000000
187.349188	53376.265577	0.000000
187.390332	53364.546055	0.000000
187.431476	53352.831679	0.000000
187.472620	53341.122444	0.000000
187.513765	53329.418349	0.000000
187.554909	53317.719388	0.000000
187.596053	53306.025559	0.000000
187.637197	53294.336858	0.000000
187.678342	53282.653282	0.000000
187.719486	53270.974828	0.000000
187.760630	53259.301492	0.000000
187.801774	53247.633270	0.000000
187.842918	53235.970161	0.000000
187.884063	53224.312159	0.000000
187.925207	53212.659263	0.000000
187.966351	53201.011467	0.000000
188.007495	53189.368770	0.000000
188.048640	53177.731168	0.000000
188.089784	53166.098657	0.000000
188.130928	53154.471234	0.000000
188.172072	53142.848895	0.000000
188.213216	53131.231638	0.000000
188.254361	53119.619460	0.000000
188.295505	53108.012356	0.000000
188.336649	53096.410323	0.000000
188.377793	53084.813358	0.000000
188.418938	53073.221458	0.000000
188.460082	53061.634620	0.000000
188.501226	53050.052840	0.000000
188.542370	53038.476114	0.000000
188.583514	53026.904440	0.000000
188.624659	53015.337814	0.000000
188.665803	53003.776234	0.000000
188.706947	52992.219694	0.000000
188.748091	52980.668193	0.000000
188.789236	52969.121727	0.000000
188.830380	52957.580293	0.000000
188.871524	52946.043887	0.000000
188.912668	52934.512507	0.000000
188.953812	52922.986148	0.000000
188.994957	52911.464807	0.000000
189.036101	52899.948482	0.000000
189.077245	52888.437170	0.000000
189.118389	52876.930865	0.000000
189.159534	52865.429567	0.000000
189.200678	52853.933270	0.000000
189.241822	52842.441973	0.000000
189.282966	52830.955671	0.000000
189.324110	52819.474362	0.000000
189.365255	52807.998042	0.000000
189.406399	52796.526707	0.000000
189.447543	52785.060356	0.000000
189.488687	52773.598984	0.000000
189.529832	52762.142588	0.000000
189.570976	52750.691165	0.000000
189.612120	52739.244712	0.000000
189.653264	52727.803225	0.000000
189.694409	52716.366702	0.000000
189.735553	52704.935138	0.000000
189.776697	52693.508531	0.000000
189.817841	52682.086878	0.000000
189.858985	52670.670176	0.000000
189.900130	52659.258420	0.000000
189.941274	52647.851609	0.000000
189.982418	52636.449738	0.000000
190.023562	52625.052804	0.000000
190.064707	52613.660805	0.000000
190.105851	52602.273737	0.000000
190.146995	52590.891597	0.000000
190.188139	52579.514382	0.000000
190.229283	52568.142088	0.000000
190.270428	52556.774712	0.000000
190.311572	52545.412252	0.000000
190.352716	52534.054703	0.000000
190.393860	52522.702063	0.000000
190.435005	52511.354329	0.000000
190.476149	52500.011497	0.000000
190.517293	52488.673565	0.000000
190.558437	52477.340528	0.000000
190.599581	52466.012384	0.000000
190.640726	52454.689130	0.000000
190.681870	52443.370763	0.000000
190.723014	52432.057278	0.000000
190.764158	52420.748674	0.000000
190.805303	52409.444948	0.000000
190.846447	52398.146095	0.000000
190.887591	52386.852112	0.000000
190.928735	52375.562998	0.000000
190.969879	52364.278747	0.000000
191.011024	52352.999359	0.000000
191.052168	52341.724828	0.000000
191.093312	52330.455152	0.000000
191.134456	52319.190328	0.000000
191.175601	52307.930353	0.000000
191.216745	52296.675224	0.000000
191.257889	52285.424937	0.000000
191.299033	52274.179490	0.000000
191.340177	52262.938878	0.000000
191.381322	52251.703100	0.000000
191.422466	52240.472152	0.000000
191.463610	52229.246031	0.000000
191.504754	52218.024733	0.000000
191.545899	52206.808257	0.000000
191.587043	52195.596598	0.000000
191.628187	52184.389753	0.000000
191.669331	52173.187720	0.000000
191.710475	52161.990495	0.000000
191.751620	52150.798075	0.000000
191.792764	52139.610457	0.000000
191.833908	52128.427638	0.000000
191.875052	52117.249616	0.000000
191.916197	52106.076386	0.000000
191.957341	52094.907945	0.000000
191.998485	52083.744292	0.000000
192.039629	52072.585422	0.000000
192.080774	52061.431333	0.000000
192.121918	52050.282021	0.000000
192.163062	52039.137483	0.000000
192.204206	52027.997717	0.000000
192.245350	52016.862719	0.000000
192.286495	52005.732486	0.000000
192.327639	51994.607015	0.000000
192.368783	51983.486304	0.000000
192.409927	51972.370348	0.000000
192.451072	51961.259145	0.000000
192.492216	51950.152693	0.000000
192.533360	51939.050987	0.000000
192.574504	51927.954025	0.000000
192.615648	51916.861804	0.000000
192.656793	51905.774320	0.000000
192.697937	51894.691572	0.000000
192.739081	51883.613554	0.000000
192.780225	51872.540266	0.000000
192.821370	51861.471703	0.000000
192.862514	51850.407863	0.000000
192.903658	51839.348743	0.000000
192.944802	51828.294339	0.000000
192.985946	51817.244649	0.000000
193.027091	51806.199669	0.000000
193.068235	51795.159396	0.000000
193.109379	51784.123829	0.000000
193.150523	51773.092962	0.000000
193.191668	51762.066795	0.000000
193.232812	51751.045322	0.000000
193.273956	51740.028542	0.000000
193.315100	51729.016452	0.000000
193.356244	51718.009049	0.000000
193.397389	51707.006328	0.000000
193.438533	51696.008289	0.000000
193.479677	51685.014927	0.000000
193.520821	51674.026239	0.000000
193.561966	51663.042223	0.000000
193.603110	51652.062876	0.000000
193.644254	51641.088194	0.000000
193.685398	51630.118175	0.000000
193.726542	51619.152816	0.000000
193.767687	51608.192113	0.000000
193.808831	51597.236064	0.000000
193.849975	51586.284666	0.000000
193.891119	51575.337916	0.000000
193.932264	51564.395811	0.000000
193.973408	51553.458347	0.000000
194.014552	51542.525523	0.000000
194.055696	51531.597334	0.000000
194.096840	51520.673779	0.000000
194.137985	51509.754854	0.000000
194.179129	51498.840555	0.000000
194.220273	51487.930882	0.000000
194.261417	51477.025829	0.000000
194.302562	51466.125395	0.000000
194.343706	51455.229576	0.000000
194.384850	51444.338370	0.000000
194.425994	51433.451773	0.000000
194.467138	51422.569783	0.000000
194.508283	51411.692397	0.000000
194.549427	51400.819611	0.000000
194.590571	51389.951424	0.000000
194.631715	51379.087831	0.000000
194.672860	51368.228830	0.000000
194.714004	51357.374419	0.000000
194.755148	51346.524594	0.000000
194.796292	51335.679352	0.000000
194.837437	51324.838690	0.000000
194.878581	51314.002606	0.000000
194.919725	51303.171097	0.000000
194.960869	51292.344159	0.000000
195.002013	51281.521791	0.000000
195.043158	51270.703988	0.000000
195.084302	51259.890748	0.000000
195.125446	51249.082068	0.000000
195.166590	51238.277946	0.000000
195.207735	51227.478378	0.000000
195.248879	51216.683362	0.000000
195.290023	51205.892894	0.000000
195.331167	51195.106972	0.000000
195.372311	51184.325593	0.000000
195.413456	51173.548754	0.000000
195.454600	51162.776452	0.000000
195.495744	51152.008684	0.000000
195.536888	51141.245448	0.000000
195.578033	51130.486740	0.000000
195.619177	51119.732559	0.000000
195.660321	51108.982900	0.000000
195.701465	51098.237761	0.000000
195.742609	51087.497139	0.000000
195.783754	51076.761031	0.000000
195.824898	51066.029435	0.000000
195.866042	51055.302348	0.000000
195.907186	51044.579766	0.000000
195.948331	51033.861687	0.000000
195.989475	51023.148109	0.000000
196.030619	51012.439028	0.000000
196.071763	51001.734441	0.000000
196.112907	50991.034345	0.000000
196.154052	50980.338739	0.000000
196.195196	50969.647618	0.000000
196.236340	50958.960981	0.000000
196.277484	50948.278824	0.000000
196.318629	50937.601145	0.000000
196.359773	50926.927940	0.000000
196.400917	50916.259207	0.000000
196.442061	50905.594943	0.000000
196.483205	50894.935145	0.000000
196.524350	50884.279811	0.000000
196.565494	50873.628938	0.000000
196.606638	50862.982522	0.000000
196.647782	50852.340561	0.000000
196.688927	50841.703053	0.000000
196.730071	50831.069994	0.000000
196.771215	50820.441382	0.000000
196.812359	50809.817214	0.000000
196.853503	50799.197486	0.000000
196.894648	50788.582198	0.000000
196.935792	50777.971344	0.000000
196.976936	50767.364924	0.000000
197.018080	50756.762933	0.000000
197.059225	50746.165370	0.000000
197.100369	50735.572231	0.000000
197.141513	50724.983513	0.000000
197.182657	50714.399215	0.000000
197.223802	50703.819333	0.000000
197.264946	50693.243864	0.000000
197.306090	50682.672805	0.000000
197.347234	50672.106155	0.000000
197.388378	50661.543909	0.000000
197.429523	50650.986066	0.000000
197.470667	50640.432623	0.000000
197.511811	50629.883576	0.000000
197.552955	50619.338924	0.000000
197.594100	50608.798663	0.000000
197.635244	50598.262790	0.000000
197.676388	50587.731303	0.000000
197.717532	50577.204200	0.000000
197.758676	50566.681476	0.000000
197.799821	50556.163131	0.000000
197.840965	50545.649160	0.000000
197.882109	50535.139561	0.000000
197.923253	50524.634332	0.000000
197.964398	50514.133470	0.000000
198.005542	50503.636972	0.000000
198.046686	50493.144835	0.000000
198.087830	50482.657057	0.000000
198.128974	50472.173634	0.000000
198.170119	50461.694565	0.000000
198.211263	50451.219846	0.000000
198.252407	50440.749474	0.000000
198.293551	50430.283448	0.000000
198.334696	50419.821764	0.000000
198.375840	50409.364420	0.000000
198.416984	50398.911413	0.000000
198.458128	50388.462740	0.000000
198.499272	50378.018398	0.000000
198.540417	50367.578385	0.000000
198.581561	50357.142699	0.000000
198.622705	50346.711336	0.000000
198.663849	50336.284293	0.000000
198.704994	50325.861569	0.000000
198.746138	50315.443160	0.000000
198.787282	50305.029064	0.000000
198.828426	50294.619278	0.000000
198.869570	50284.213799	0.000000
198.910715	50273.812625	0.000000
198.951859	50263.415753	0.000000
198.993003	50253.023181	0.000000
199.034147	50242.634905	0.000000
199.075292	50232.250923	0.000000
199.116436	50221.871232	0.000000
199.157580	50211.495830	0.000000
199.198724	50201.124715	0.000000
199.239868	50190.757882	0.000000
199.281013	50180.395330	0.000000
199.322157	50170.037057	0.000000
199.363301	50159.683059	0.000000
199.404445	50149.333333	0.000000
199.445590	50138.987878	0.000000
199.486734	50128.646691	0.000000
199.527878	50118.309768	0.000000
199.569022	50107.977107	0.000000
199.610167	50097.648706	0.000000
199.651311	50087.324562	0.000000
199.692455	50077.004673	0.000000
199.733599	50066.689035	0.000000
199.774743	50056.377646	0.000000
199.815888	50046.070503	0.000000
199.857032	50035.767605	0.000000
199.898176	50025.468947	0.000000
199.939320	50015.174528	0.000000
199.980465	50004.884345	0.000000
200.021609	49994.598396	0.000000
200.062753	49984.316677	0.000000
200.103897	49974.039187	0.000000
200.145041	49963.765921	0.000000
200.186186	49953.496879	0.000000
200.227330	49943.232057	0.000000
200.268474	49932.971453	0.000000
200.309618	49922.715064	0.000000
200.350763	49912.462888	0.000000
200.391907	49902.214921	0.000000
200.433051	49891.971162	0.000000
200.474195	49881.731608	0.000000
200.515339	49871.496255	0.000000
200.556484	49861.265103	0.000000
200.597628	49851.038147	0.000000
200.638772	49840.815385	0.000000
200.679916	49830.596816	0.000000
200.721061	49820.382436	0.000000
200.762205	49810.172242	0.000000
200.803349	49799.966233	0.000000
200.844493	49789.764405	0.000000
200.885637	49779.566756	0.000000
200.926782	49769.373283	0.000000
200.967926	49759.183984	0.000000
201.009070	49748.998857	0.000000
201.050214	49738.817898	0.000000
201.091359	49728.641105	0.000000
201.132503	49718.468476	0.000000
201.173647	49708.300008	0.000000
201.214791	49698.135698	0.000000
201.255935	49687.975545	0.000000
201.297080	49677.819544	0.000000
201.338224	49667.667695	0.000000
201.379368	49657.519994	0.000000
201.420512	49647.376438	0.000000
201.461657	49637.237026	0.000000
201.502801	49627.101755	0.000000
201.543945	49616.970621	0.000000
201.585089	49606.843623	0.000000
201.626233	49596.720759	0.000000
201.667378	49586.602024	0.000000
201.708522	49576.487418	0.000000
201.749666	49566.376937	0.000000
201.790810	49556.270580	0.000000
201.831955	49546.168342	0.000000
201.873099	49536.070223	0.000000
201.914243	49525.976219	0.000000
201.955387	49515.886328	0.000000
201.996532	49505.800547	0.000000
202.037676	49495.718874	0.000000
202.078820	49485.641307	0.000000
202.119964	49475.567842	0.000000
202.161108	49465.498478	0.000000
202.202253	49455.433211	0.000000
202.243397	49445.372040	0.000000
202.284541	49435.314962	0.000000
202.325685	49425.261974	0.000000
202.366830	49415.213074	0.000000
202.407974	49405.168259	0.000000
202.449118	49395.127527	0.000000
202.490262	49385.090876	0.000000
202.531406	49375.058302	0.000000
202.572551	49365.029804	0.000000
202.613695	49355.005379	0.000000
202.654839	49344.985024	0.000000
202.695983	49334.968737	0.000000
202.737128	49324.956515	0.000000
202.778272	49314.948357	0.000000
202.819416	49304.944259	0.000000
202.860560	49294.944219	0.000000
202.901704	49284.948235	0.000000
202.942849	49274.956304	0.000000
202.983993	49264.968424	0.000000
203.025137	49254.984592	0.000000
203.066281	49245.004805	0.000000
203.107426	49235.029062	0.000000
203.148570	49225.057360	0.000000
203.189714	49215.089696	0.000000
203.230858	49205.126068	0.000000
203.272002	49195.166473	0.000000
203.313147	49185.210909	0.000000
203.354291	49175.259374	0.000000
203.395435	49165.311866	0.000000
203.436579	49155.368380	0.000000
203.477724	49145.428917	0.000000
203.518868	49135.493471	0.000000
203.560012	49125.562043	0.000000
203.601156	49115.634628	0.000000
203.642300	49105.711225	0.000000
203.683445	49095.791830	0.000000
203.724589	49085.876443	0.000000
203.765733	49075.965059	0.000000
203.806877	49066.057678	0.000000
203.848022	49056.154296	0.000000
203.889166	49046.254910	0.000000
203.930310	49036.359520	0.000000
203.971454	49026.468121	0.000000
204.012598	49016.580712	0.000000
204.053743	49006.697290	0.000000
204.094887	48996.817854	0.000000
204.136031	48986.942399	0.000000
204.177175	48977.070925	0.000000
204.218320	48967.203428	0.000000
204.259464	48957.339907	0.000000
204.300608	48947.480358	0.000000
204.341752	48937.624780	0.000000
204.382897	48927.773170	0.000000
204.424041	48917.925526	0.000000
204.465185	48908.081845	0.000000
204.506329	48898.242124	0.000000
204.547473	48888.406362	0.000000
204.588618	48878.574557	0.000000
204.629762	48868.746705	0.000000
204.670906	48858.922804	0.000000
204.712050	48849.102852	0.000000
204.753195	48839.286847	0.000000
204.794339	48829.474786	0.000000
204.835483	48819.666666	0.000000
204.876627	48809.862487	0.000000
204.917771	48800.062244	0.000000
204.958916	48790.265936	0.000000
205.000060	48780.473560	0.000000
205.041204	48770.685114	0.000000
205.082348	48760.900596	0.000000
205.123493	48751.120002	0.000000
205.164637	48741.343332	0.000000
205.205781	48731.570582	0.000000
205.246925	48721.801751	0.000000
205.288069	48712.036835	0.000000
205.329214	48702.275832	0.000000
205.370358	48692.518741	0.000000
205.411502	48682.765558	0.000000
205.452646	48673.016282	0.000000
205.493791	48663.270910	0.000000
205.534935	48653.529439	0.000000
205.576079	48643.791868	0.000000
205.617223	48634.058194	0.000000
205.658367	48624.328414	0.000000
