Spectrum			Normal Modes
Freq (cm-1)	IR act		Mode	Label	Freq (cm-1)	IR act	Scaling factors	Unscaled freq
602.0	0.00025221545623725113		1	A1	1713.5448	75.707	1	1713.5448
604.0	0.000253105499217776		2	A1	3727.9682	1.6905	1	3727.9682
606.0	0.0002540003271773709		3	B2	3849.639	19.2867	1	3849.639
608.0	0.0002548999746429576
610.0	0.00025580447645395945
612.0	0.00025671386776570304
614.0	0.0002576281840528645
616.0	0.00025854746111295823
618.0	0.00025947173506987123
620.0	0.00026040104237744216
622.0	0.00026133541982308723
624.0	0.00026227490453147045
626.0	0.0002632195339682239
628.0	0.00026416934594371424
630.0	0.00026512437861685775
632.0	0.0002660846704989859
634.0	0.00026705026045776
636.0	0.000268021187721137
638.0	0.00026899749188138695
640.0	0.0002699792128991632
642.0	0.0002709663911076245
644.0	0.0002719590672166132
646.0	0.0002729572823168857
648.0	0.00027396107788440013
650.0	0.00027497049578466043
652.0	0.00027598557827711653
654.0	0.00027700636801962367
656.0	0.0002780329080729609
658.0	0.00027906524190540787
660.0	0.00028010341339738514
662.0	0.00028114746684615335
664.0	0.000282197446970577
666.0	0.00028325339891595113
668.0	0.00028431536825889256
670.0	0.0002853834010122972
672.0	0.00028645754363036305
674.0	0.0002875378430136822
676.0	0.0002886243465143999
678.0	0.00028971710194144475
680.0	0.000290816157565829
682.0	0.00029192156212602075
684.0	0.0002930333648333892
686.0	0.00029415161537772445
688.0	0.00029527636393283203
690.0	0.0002964076611622044
692.0	0.0002975455582247701
694.0	0.0002986901067807211
696.0	0.0002998413589974215
698.0	0.0003009993675553966
700.0	0.0003021641856544054
702.0	0.0003033358670195965
704.0	0.00030451446590774953
706.0	0.0003057000371136037
708.0	0.0003068926359762741
710.0	0.0003080923183857568
712.0	0.0003092991407895264
714.0	0.00031051316019922417
716.0	0.00031173443419744165
718.0	0.00031296302094459814
720.0	0.0003141989791859166
722.0	0.0003154423682584961
724.0	0.0003166932480984862
726.0	0.0003179516792483619
728.0	0.00031921772286430195
730.0	0.00032049144072367246
732.0	0.0003217728952326172
734.0	0.00032306214943375594
736.0	0.00032435926701399336
738.0	0.00032566431231244005
740.0	0.00032697735032844686
742.0	0.0003282984467297557
744.0	0.00032962766786076727
746.0	0.0003309650807509288
748.0	0.0003323107531232432
750.0	0.0003336647534029022
752.0	0.0003350271507260443
754.0	0.0003363980149486411
756.0	0.0003377774166555132
758.0	0.00033916542716947877
760.0	0.0003405621185606353
762.0	0.0003419675636557784
764.0	0.0003433818360479601
766.0	0.00034480501010618683
768.0	0.0003462371609852625
770.0	0.00034767836463577587
772.0	0.00034912869781423856
774.0	0.00035058823809337155
776.0	0.00035205706387254725
778.0	0.0003535352543883869
780.0	0.0003550228897255166
782.0	0.00035652005082748527
784.0	0.0003580268195078473
786.0	0.00035954327846141174
788.0	0.00036106951127566194
790.0	0.00036260560244234796
792.0	0.00036415163736925563
794.0	0.000365707702392154
796.0	0.0003672738847869252
798.0	0.0003688502727818802
800.0	0.00037043695557026254
802.0	0.00037203402332294404
804.0	0.00037364156720131697
806.0	0.0003752596793703831
808.0	0.0003768884530120467
810.0	0.0003785279823386125
812.0	0.00038017836260649415
814.0	0.0003818396901301341
816.0	0.0003835120622961421
818.0	0.0003851955775776547
820.0	0.00038689033554891865
822.0	0.00038859643690010334
824.0	0.0003903139834523474
826.0	0.0003920430781730406
828.0	0.00039378382519134975
830.0	0.0003955363298139877
832.0	0.0003973006985412353
834.0	0.0003990770390832159
836.0	0.00040086546037643156
838.0	0.00040266607260056183
840.0	0.0004044789871955324
842.0	0.00040630431687885797
844.0	0.0004081421756632637
846.0	0.00040999267887459166
848.0	0.0004118559431699954
850.0	0.00041373208655643144
852.0	0.00041562122840944844
854.0	0.0004175234894922855
856.0	0.00041943899197527867
858.0	0.00042136785945558804
860.0	0.0004233102169772454
862.0	0.00042526619105153396
864.0	0.0004272359096777018
866.0	0.0004292195023640181
868.0	0.0004312171001491779
870.0	0.00043322883562406194
872.0	0.00043525484295385856
874.0	0.0004372952579005527
876.0	0.0004393502178457934
878.0	0.00044141986181414215
880.0	0.0004435043304967123
882.0	0.000445603766275206
884.0	0.0004477183132463569
886.0	0.00044984811724678626
888.0	0.0004519933258782801
890.0	0.00045415408853349614
892.0	0.0004563305564221077
894.0	0.000458522882597395
896.0	0.00046073122198329235
898.0	0.0004629557314018968
900.0	0.00046519656960145294
902.0	0.0004674538972848173
904.0	0.0004697278771384183
906.0	0.0004720186738617143
908.0	0.0004743264541971662
910.0	0.00047665138696073
912.0	0.0004789936430728837
914.0	0.0004813533955901955
916.0	0.0004837308197374465
918.0	0.00048612609294031855
920.0	0.0004885393948586584
922.0	0.0004909709074203301
924.0	0.0004934208148556673
926.0	0.0004958893037325365
928.0	0.0004983765629920278
930.0	0.0005008827839847795
932.0	0.0005034081605079562
934.0	0.0005059528888428886
936.0	0.0005085171677933908
938.0	0.0005111011987247714
940.0	0.0005137051856035461
942.0	0.0005163293350378748
944.0	0.0005189738563187312
946.0	0.0005216389614618234
948.0	0.0005243248652502828
950.0	0.0005270317852781322
952.0	0.0005297599419945541
954.0	0.0005325095587489759
956.0	0.0005352808618369856
958.0	0.0005380740805470993
960.0	0.0005408894472083961
962.0	0.0005437271972390411
964.0	0.0005465875691957139
966.0	0.0005494708048239613
968.0	0.000552377149109497
970.0	0.0005553068503304642
972.0	0.0005582601601106871
974.0	0.0005612373334739277
976.0	0.0005642386288991742
978.0	0.0005672643083769782
980.0	0.0005703146374668692
982.0	0.0005733898853558674
984.0	0.0005764903249181158
986.0	0.0005796162327756629
988.0	0.0005827678893604146
990.0	0.0005859455789772868
992.0	0.0005891495898685812
994.0	0.0005923802142796122
996.0	0.0005956377485256151
998.0	0.0005989224930599635
1000.0	0.000602234752543722
1002.0	0.0006055748359165672
1004.0	0.0006089430564691097
1006.0	0.0006123397319166431
1008.0	0.0006157651844743581
1010.0	0.0006192197409340513
1012.0	0.0006227037327423638
1014.0	0.000626217496080585
1016.0	0.0006297613719460591
1018.0	0.0006333357062352259
1020.0	0.0006369408498283388
1022.0	0.0006405771586758975
1024.0	0.0006442449938868337
1026.0	0.0006479447218184921
1028.0	0.0006516767141684464
1030.0	0.0006554413480681973
1032.0	0.0006592390061787928
1034.0	0.0006630700767884161
1036.0	0.0006669349539119923
1038.0	0.0006708340373928545
1040.0	0.0006747677330065235
1042.0	0.0006787364525666509
1044.0	0.0006827406140331754
1046.0	0.0006867806416227436
1048.0	0.0006908569659214573
1050.0	0.0006949700239999947
1052.0	0.0006991202595311668
1054.0	0.0007033081229099688
1056.0	0.0007075340713761848
1058.0	0.0007117985691396119
1060.0	0.0007161020875079623
1062.0	0.0007204451050175142
1064.0	0.0007248281075665747
1066.0	0.0007292515885518303
1068.0	0.0007337160490076496
1070.0	0.0007382219977484155
1072.0	0.0007427699515139627
1074.0	0.000747360435118194
1076.0	0.0007519939816009637
1078.0	0.0007566711323832991
1080.0	0.0007613924374260525
1082.0	0.0007661584553920698
1084.0	0.0007709697538119598
1086.0	0.0007758269092535625
1088.0	0.0007807305074952064
1090.0	0.0007856811437028523
1092.0	0.0007906794226112291
1094.0	0.0007957259587090557
1096.0	0.0008008213764284624
1098.0	0.0008059663103387144
1100.0	0.0008111614053443596
1102.0	0.0008164073168879019
1104.0	0.0008217047111571328
1106.0	0.0008270542652972345
1108.0	0.0008324566676277835
1110.0	0.0008379126178647894
1112.0	0.0008434228273478915
1114.0	0.0008489880192728606
1116.0	0.0008546089289295475
1118.0	0.0008602863039454163
1120.0	0.0008660209045348227
1122.0	0.000871813503754185
1124.0	0.0008776648877632137
1126.0	0.0008835758560923593
1128.0	0.0008895472219166533
1130.0	0.0008955798123361108
1132.0	0.0009016744686628849
1134.0	0.0009078320467153479
1136.0	0.0009140534171192988
1138.0	0.0009203394656164941
1140.0	0.0009266910933807029
1142.0	0.0009331092173415009
1144.0	0.000939594770516013
1146.0	0.0009461487023488444
1148.0	0.0009527719790604086
1150.0	0.0009594655840039135
1152.0	0.0009662305180312351
1154.0	0.000973067799867943
1156.0	0.0009799784664977346
1158.0	0.0009869635735565525
1160.0	0.0009940241957366587
1162.0	0.0010011614272009686
1164.0	0.001008376382007919
1166.0	0.0010156701945472058
1168.0	0.001023044019986688
1170.0	0.0010304990347307953
1172.0	0.0010380364368907827
1174.0	0.0010456574467671736
1176.0	0.0010533633073447634
1178.0	0.0010611552848005489
1180.0	0.0010690346690249853
1182.0	0.001077002774156952
1184.0	0.0010850609391328601
1186.0	0.0010932105282503175
1188.0	0.0011014529317468012
1190.0	0.0011097895663937892
1192.0	0.0011182218761068361
1194.0	0.0011267513325720663
1196.0	0.0011353794358896145
1198.0	0.0011441077152345184
1200.0	0.0011529377295356137
1202.0	0.0011618710681730057
1204.0	0.0011709093516946787
1206.0	0.0011800542325528655
1208.0	0.0011893073958607902
1210.0	0.0011986705601704387
1212.0	0.0012081454782720156
1214.0	0.001217733938015804
1216.0	0.0012274377631571168
1218.0	0.0012372588142251144
1220.0	0.0012471989894162427
1222.0	0.0012572602255130991
1224.0	0.0012674444988295581
1226.0	0.0012777538261830132
1228.0	0.0012881902658946325
1230.0	0.00129875591881855
1232.0	0.0013094529294009616
1234.0	0.0013202834867701045
1236.0	0.0013312498258581814
1238.0	0.0013423542285562766
1240.0	0.0013535990249033943
1242.0	0.001364986594310769
1244.0	0.0013765193668226548
1246.0	0.001388199824414829
1248.0	0.0014000305023321277
1250.0	0.0014120139904663263
1252.0	0.0014241529347757999
1254.0	0.001436450038748386
1256.0	0.0014489080649089743
1258.0	0.0014615298363733933
1260.0	0.0014743182384502195
1262.0	0.0014872762202922127
1264.0	0.0015004067965991282
1266.0	0.0015137130493737714
1268.0	0.0015271981297331598
1270.0	0.0015408652597768285
1272.0	0.0015547177345143046
1274.0	0.0015687589238539317
1276.0	0.0015829922746552734
1278.0	0.0015974213128474315
1280.0	0.001612049645615703
1282.0	0.0016268809636591323
1284.0	0.001641919043521559
1286.0	0.0016571677499989336
1288.0	0.0016726310386257742
1290.0	0.0016883129582437218
1292.0	0.0017042176536553346
1294.0	0.0017203493683663545
1296.0	0.0017367124474198395
1298.0	0.0017533113403256845
1300.0	0.0017701506040892507
1302.0	0.0017872349063428928
1304.0	0.0018045690285844746
1306.0	0.001822157869527002
1308.0	0.0018400064485638002
1310.0	0.0018581199093537831
1312.0	0.0018765035235316174
1314.0	0.0018951626945477608
1316.0	0.001914102961643597
1318.0	0.001933330003967156
1320.0	0.0019528496448350738
1322.0	0.0019726678561468266
1324.0	0.001992790762957434
1326.0	0.0020132246482151973
1328.0	0.0020339759576713063
1330.0	0.002055051304968481
1332.0	0.0020764574769161293
1334.0	0.002098201438959922
1336.0	0.002120290340853945
1338.0	0.002142731522544132
1340.0	0.002165532520271944
1342.0	0.0021887010729078216
1344.0	0.0022122451285243234
1346.0	0.002236172851219382
1348.0	0.0022604926282006146
1350.0	0.002285213077142147
1352.0	0.0023103430538260468
1354.0	0.002335891660080939
1356.0	0.0023618682520311833
1358.0	0.0023882824486704847
1360.0	0.0024151441407746616
1362.0	0.0024424635001689694
1364.0	0.0024702509893662
1366.0	0.0024985173715925788
1368.0	0.0025272737212194635
1370.0	0.0025565314346196193
1372.0	0.0025863022414680556
1374.0	0.002616598216508242
1376.0	0.002647431791805814
1378.0	0.0026788157695129466
1380.0	0.0027107633351678767
1382.0	0.0027432880715553753
1384.0	0.0027764039731553434
1386.0	0.0028101254612082904
1388.0	0.002844467399427883
1390.0	0.002879445110392628
1392.0	0.002915074392650357
1394.0	0.0029513715385712023
1396.0	0.0029883533529867353
1398.0	0.0030260371726550618
1400.0	0.0030644408865939604
1402.0	0.003103582957326648
1404.0	0.0031434824430872066
1406.0	0.0031841590210355607
1408.0	0.0032256330115348676
1410.0	0.003267925403547131
1412.0	0.0033110578812063944
1414.0	0.003355052851632276
1416.0	0.003399933474050484
1418.0	0.003445723690290934
1420.0	0.00349244825673854
1422.0	0.0035401327778161566
1424.0	0.0035888037410843864
1426.0	0.003638488554047952
1428.0	0.0036892155827642145
1430.0	0.0037410141923553534
1432.0	0.003793914789532248
1434.0	0.003847948867245043
1436.0	0.003903149051582783
1438.0	0.0039595491510526345
1440.0	0.004017184208377498
1442.0	0.004076090554960385
1444.0	0.004136305868173456
1446.0	0.004197869231640481
1448.0	0.0042608211986928
1450.0	0.004325203859191151
1452.0	0.004391060909918916
1454.0	0.004458437728766741
1456.0	0.004527381452943499
1458.0	0.0045979410614655145
1460.0	0.004670167462193427
1462.0	0.004744113583705591
1464.0	0.004819834472317587
1466.0	0.004897387394579912
1468.0	0.004976831945610252
1470.0	0.005058230163642948
1472.0	0.005141646651206939
1474.0	0.005227148703373953
1476.0	0.005314806443552592
1478.0	0.00540469296733981
1480.0	0.005496884494980943
1482.0	0.005591460533032059
1484.0	0.005688504045864965
1486.0	0.005788101637705615
1488.0	0.00589034374595202
1490.0	0.005995324846577175
1492.0	0.006103143672488547
1494.0	0.006213903445786276
1496.0	0.006327712124940597
1498.0	0.006444682667993744
1500.0	0.006564933312984692
1502.0	0.006688587876896832
1504.0	0.006815776074540049
1506.0	0.0069466338589011635
1508.0	0.00708130378463009
1510.0	0.007219935396477128
1512.0	0.007362685644657646
1514.0	0.007509719329299048
1516.0	0.007661209576320421
1518.0	0.007817338347311334
1520.0	0.00797829698621433
1522.0	0.008144286805878585
1524.0	0.008315519717843183
1526.0	0.008492218909029283
1528.0	0.008674619569377704
1530.0	0.00886296967486212
1532.0	0.009057530830747302
1534.0	0.009258579180448291
1536.0	0.009466406385888141
1538.0	0.009681320685855178
1540.0	0.009903648039533532
1542.0	0.010133733363130705
1544.0	0.01037194186836634
1546.0	0.010618660512524
1548.0	0.010874299570821
1550.0	0.011139294343031294
1552.0	0.011414107007622753
1554.0	0.01169922863816228
1556.0	0.01199518139842277
1558.0	0.012302520934523055
1560.0	0.012621838984573263
1562.0	0.01295376622872434
1564.0	0.013298975405266597
1566.0	0.013658184721542616
1568.0	0.014032161591985452
1570.0	0.0144217267396325
1572.0	0.014827758702072504
1574.0	0.015251198788050436
1576.0	0.01569305653698182
1578.0	0.016154415740546494
1580.0	0.016636441093476603
1582.0	0.017140385549807357
1584.0	0.017667598471417276
1586.0	0.01821953466789406
1588.0	0.018797764440908537
1590.0	0.01940398476270658
1592.0	0.020040031737450222
1594.0	0.020707894516442546
1596.0	0.02140973086436013
1598.0	0.02214788460419476
1600.0	0.02292490520455403
1602.0	0.023743569815330583
1604.0	0.024606908107810882
1606.0	0.02551823033462077
1608.0	0.02648115909542312
1610.0	0.02749966537834952
1612.0	0.028578109547695865
1614.0	0.029721288069055565
1616.0	0.030934486908309373
1618.0	0.03222354271638428
1620.0	0.03359491312449213
1622.0	0.03505575773358614
1624.0	0.03661403169831279
1626.0	0.03827859419415761
1628.0	0.040059334535140434
1630.0	0.041967319301931295
1632.0	0.044014964577128585
1634.0	0.04621623830530171
1636.0	0.04858689895209502
1638.0	0.05114477809734229
1640.0	0.05391011645199689
1642.0	0.056905965157932996
1644.0	0.06015866727470836
1646.0	0.06369843829632521
1648.0	0.06756006967119332
1650.0	0.07178378602835249
1652.0	0.07641629570862214
1654.0	0.08151208605257002
1656.0	0.08713503082627526
1658.0	0.0933603987666063
1660.0	0.10027738180211557
1662.0	0.10799230241348892
1664.0	0.1166327168031929
1666.0	0.12635271148104688
1668.0	0.13733980682972327
1670.0	0.14982404959839454
1672.0	0.16409012436600545
1674.0	0.18049368534001242
1676.0	0.19948367517963234
1678.0	0.2216332743370312
1680.0	0.24768351219213816
1682.0	0.2786058172727358
1684.0	0.31569350923500994
1686.0	0.3606985849579668
1688.0	0.4160413071706769
1690.0	0.48514038337789217
1692.0	0.5729498317318333
1694.0	0.6868642385752491
1696.0	0.8383110409263861
1698.0	1.0456937939376225
1700.0	1.3401643464420523
1702.0	1.777784089845243
1704.0	2.4675151437627707
1706.0	3.643231564081174
1708.0	5.87733486925314
1710.0	10.839289792594887
1712.0	24.49942718956055
1714.0	63.18621059936471
1716.0	57.85727466071863
1718.0	22.128644389283284
1720.0	10.0456766190356
1722.0	5.54481119061719
1724.0	3.4770454326547937
1726.0	2.3736048979834496
1728.0	1.719846567923982
1730.0	1.3020132509478628
1732.0	1.0192828907782567
1734.0	0.8192905143128847
1736.0	0.6727213035156783
1738.0	0.5621529441832332
1740.0	0.4767138867545299
1742.0	0.4093402279754145
1744.0	0.3552829329215123
1746.0	0.3112549058476802
1748.0	0.2749229922658227
1750.0	0.2445943959570382
1752.0	0.21901697984619925
1754.0	0.19724856175703578
1756.0	0.17856926847072815
1758.0	0.16242147890857606
1760.0	0.14836786594482423
1762.0	0.13606156512361864
1764.0	0.12522462601552128
1766.0	0.11563221984891724
1768.0	0.10710091164572041
1770.0	0.09947984434427037
1772.0	0.0926440372846737
1774.0	0.08648923897225325
1776.0	0.08092793552403553
1778.0	0.07588622758313719
1780.0	0.07130136633897283
1782.0	0.06711979439025915
1784.0	0.06329557663804171
1786.0	0.05978913494970563
1788.0	0.05656622121291679
1790.0	0.05359707881027756
1792.0	0.050855754024858334
1794.0	0.04831952750965108
1796.0	0.0459684424830943
1798.0	0.04378491129401734
1800.0	0.04175338582684892
1802.0	0.03986008017897617
1804.0	0.03809273634764173
1806.0	0.03644042546990311
1808.0	0.03489337858235952
1810.0	0.03344284199504667
1812.0	0.032080953272192035
1814.0	0.03080063453173021
1816.0	0.029595500354081112
1818.0	0.02845977805836182
1820.0	0.027388238483878904
1822.0	0.02637613572430495
1824.0	0.02541915451537381
1826.0	0.024513364185212428
1828.0	0.023655178248269338
1830.0	0.02284131886607986
1832.0	0.022068785516336616
1834.0	0.021334827310296203
1836.0	0.020636918480999456
1838.0	0.01997273663395586
1840.0	0.01934014341016426
1842.0	0.01873716726047976
1844.0	0.018161988071935153
1846.0	0.0176129234219289
1848.0	0.01708841626624093
1850.0	0.01658702389247127
1852.0	0.016107407992425615
1854.0	0.015648325725772638
1856.0	0.015208621663454108
1858.0	0.014787220513248026
1860.0	0.014383120541896867
1862.0	0.013995387618607646
1864.0	0.013623149813738626
1866.0	0.013265592494315165
1868.0	0.012921953864826695
1870.0	0.012591520907697282
1872.0	0.012273625683009694
1874.0	0.011967641951605169
1876.0	0.011672982089660906
1878.0	0.011389094266344314
1880.0	0.011115459859218704
1882.0	0.010851591084784395
1884.0	0.010597028823931931
1886.0	0.010351340624196825
1888.0	0.010114118862577239
1890.0	0.009884979054334105
1892.0	0.009663558294666766
1894.0	0.009449513821465546
1896.0	0.009242521688508856
1898.0	0.0090422755395108
1900.0	0.008848485474353473
1902.0	0.008660876999666178
1904.0	0.008479190056656075
1906.0	0.008303178119758767
1908.0	0.008132607360274127
1910.0	0.007967255869687323
1912.0	0.007806912937856628
1914.0	0.007651378381682963
1916.0	0.0075004619202660135
1918.0	0.007353982592904614
1920.0	0.007211768216616425
1922.0	0.0070736548801398425
1924.0	0.006939486471640729
1926.0	0.006809114237582733
1928.0	0.006682396370432946
1930.0	0.006559197623068914
1932.0	0.006439388947928703
1934.0	0.006322847159106244
1936.0	0.00620945461573941
1938.0	0.006099098925171198
1940.0	0.005991672664485294
1942.0	0.005887073119127454
1944.0	0.0057852020374252475
1946.0	0.00568596539991039
1948.0	0.005589273202432419
1950.0	0.005495039252129227
1952.0	0.00540318097539097
1954.0	0.00531361923701822
1956.0	0.005226278169834881
1958.0	0.005141085014070677
1960.0	0.00505796996587838
1962.0	0.004976866034396754
1964.0	0.004897708906812695
1966.0	0.004820436820915064
1968.0	0.004744990444668494
1970.0	0.004671312762368876
1972.0	0.004599348966972513
1974.0	0.004529046358219338
1976.0	0.004460354246196489
1978.0	0.004393223860012873
1980.0	0.004327608261277377
1982.0	0.004263462262094187
1984.0	0.004200742347307614
1986.0	0.004139406600746728
1988.0	0.004079414635236282
1990.0	0.004020727526155777
1992.0	0.003963307748342512
1994.0	0.003907119116147749
1996.0	0.0038521267264671048
1998.0	0.003798296904577747
2000.0	0.0037455971526254824
2002.0	0.0036939961006145186
2004.0	0.0036434634597620084
2006.0	0.003593969978087796
2008.0	0.003545487398117839
2010.0	0.003497988416587035
2012.0	0.0034514466460342707
2014.0	0.0034058365781887458
2016.0	0.0033611335490527717
2018.0	0.0033173137055917345
2020.0	0.003274353973947331
2022.0	0.003232232029094901
2024.0	0.0031909262658704044
2026.0	0.003150415771296846
2028.0	0.0031106802981439104
2030.0	0.0030717002396584833
2032.0	0.0030334566054071046
2034.0	0.002995930998174836
2036.0	0.0029591055918680156
2038.0	0.002922963110371418
2040.0	0.002887486807312945
2042.0	0.0028526604466916545
2044.0	0.0028184682843272013
2046.0	0.0027848950500912227
2048.0	0.002751925930883162
2050.0	0.0027195465543151296
2052.0	0.0026877429730722004
2054.0	0.0026565016499164778
2056.0	0.0026258094433047074
2058.0	0.002595653593590988
2060.0	0.002566021709787534
2062.0	0.0025369017568577664
2064.0	0.0025082820435175304
2066.0	0.002480151210521244
2068.0	0.0024524982194111568
2070.0	0.0024253123417088056
2072.0	0.0023985831485290416
2074.0	0.0023723005005977602
2076.0	0.0023464545386555334
2078.0	0.0023210356742301924
2080.0	0.0022960345807622206
2082.0	0.002271442185067645
2084.0	0.0022472496591238217
2086.0	0.002223448412164235
2088.0	0.0022000300830691062
2090.0	0.002176986533039218
2092.0	0.0021543098385409685
2094.0	0.0021319922845112796
2096.0	0.0021100263578113856
2098.0	0.0020884047409192564
2100.0	0.0020671203058506733
2102.0	0.0020461661082995988
2104.0	0.002025535381988767
2106.0	0.002005221533222013
2108.0	0.0019852181356300827
2110.0	0.0019655189251021324
2112.0	0.0019461177948954618
2114.0	0.0019270087909163366
2116.0	0.0019081861071651104
2118.0	0.0018896440813391336
2120.0	0.0018713771905872316
2122.0	0.0018533800474098167
2124.0	0.0018356473956989475
2126.0	0.0018181741069128988
2128.0	0.001800955176380075
2130.0	0.001783985719727226
2132.0	0.0017672609694272976
2134.0	0.0017507762714622887
2136.0	0.001734527082096809
2138.0	0.0017185089647580969
2140.0	0.0017027175870185818
2142.0	0.0016871487176770914
2144.0	0.00167179822393507
2146.0	0.0016566620686642756
2148.0	0.0016417363077625925
2150.0	0.0016270170875947198
2152.0	0.0016125006425146454
2154.0	0.0015981832924669202
2156.0	0.001584061440663894
2158.0	0.0015701315713361667
2160.0	0.0015563902475536318
2162.0	0.0015428341091146065
2164.0	0.001529459870500586
2166.0	0.0015162643188943582
2168.0	0.001503244312259199
2170.0	0.0014903967774770412
2172.0	0.0014777187085435108
2174.0	0.0014652071648179118
2176.0	0.0014528592693262132
2178.0	0.0014406722071152274
2180.0	0.0014286432236562236
2182.0	0.0014167696232962824
2184.0	0.00140504876775577
2186.0	0.0013934780746703657
2188.0	0.0013820550161761445
2190.0	0.0013707771175362627
2192.0	0.0013596419558078564
2194.0	0.001348647158547815
2196.0	0.0013377904025561418
2198.0	0.0013270694126556392
2200.0	0.0013164819605067596
2202.0	0.001306025863456437
2204.0	0.0012956989834198033
2206.0	0.0012854992257937312
2208.0	0.001275424538401135
2210.0	0.0012654729104650893
2212.0	0.0012556423716117708
2214.0	0.0012459309909013119
2216.0	0.0012363368758856804
2218.0	0.0012268581716927218
2220.0	0.0012174930601355418
2222.0	0.0012082397588464285
2224.0	0.001199096520434544
2226.0	0.0011900616316666461
2228.0	0.0011811334126701216
2230.0	0.0011723102161576334
2232.0	0.001163590426672737
2234.0	0.001154972459855778
2236.0	0.001146454761729498
2238.0	0.0011380358080037153
2240.0	0.0011297141033985165
2242.0	0.0011214881809853776
2244.0	0.0011133566015457028
2246.0	0.0011053179529462347
2248.0	0.0010973708495308396
2250.0	0.0010895139315281771
2252.0	0.0010817458644747822
2254.0	0.0010740653386531027
2256.0	0.0010664710685440535
2258.0	0.0010589617922936584
2260.0	0.001051536271193363
2262.0	0.0010441932891736285
2264.0	0.0010369316523104117
2266.0	0.0010297501883441704
2268.0	0.0010226477462110073
2270.0	0.001015623195585633
2272.0	0.0010086754264357909
2274.0	0.0010018033485878282
2276.0	0.0009950058913030747
2278.0	0.0009882820028647506
2280.0	0.0009816306501750887
2282.0	0.0009750508183623857
2284.0	0.0009685415103977055
2286.0	0.0009621017467209681
2288.0	0.0009557305648761535
2290.0	0.0009494270191553788
2292.0	0.0009431901802515928
2294.0	0.0009370191349196575
2296.0	0.0009309129856455822
2298.0	0.0009248708503236873
2300.0	0.0009188918619414893
2302.0	0.0009129751682720754
2304.0	0.0009071199315737933
2306.0	0.0009013253282970364
2308.0	0.0008955905487979492
2310.0	0.0008899147970588466
2312.0	0.0008842972904151924
2314.0	0.0008787372592889449
2316.0	0.0008732339469281059
2318.0	0.0008677866091523095
2320.0	0.0008623945141042889
2322.0	0.0008570569420070705
2324.0	0.0008517731849267396
2326.0	0.0008465425465406381
2328.0	0.000841364341910848
2330.0	0.0008362378972628261
2332.0	0.0008311625497690539
2334.0	0.0008261376473375833
2336.0	0.0008211625484053283
2338.0	0.000816236621736013
2340.0	0.0008113592462226315
2342.0	0.0008065298106943214
2344.0	0.0008017477137275212
2346.0	0.0007970123634613232
2348.0	0.0007923231774169034
2350.0	0.0007876795823209277
2352.0	0.0007830810139328381
2354.0	0.0007785269168759186
2356.0	0.0007740167444720488
2358.0	0.0007695499585800524
2360.0	0.0007651260294375526
2362.0	0.0007607444355062468
2364.0	0.0007564046633205172
2366.0	0.0007521062073392946
2368.0	0.0007478485698011017
2370.0	0.0007436312605821822
2372.0	0.0007394537970576642
2374.0	0.000735315703965663
2376.0	0.0007312165132742696
2378.0	0.0007271557640513368
2380.0	0.0007231330023370156
2382.0	0.0007191477810189614
2384.0	0.0007151996597101538
2386.0	0.0007112882046292641
2388.0	0.0007074129884835126
2390.0	0.0007035735903539547
2392.0	0.000699769595583141
2394.0	0.0006960005956650929
2396.0	0.000692266188137541
2398.0	0.0006885659764763745
2400.0	0.0006848995699922456
2402.0	0.0006812665837292877
2404.0	0.0006776666383658854
2406.0	0.0006740993601174608
2408.0	0.0006705643806412258
2410.0	0.0006670613369428513
2412.0	0.0006635898712850177
2414.0	0.000660149631097791
2416.0	0.0006567402688907984
2418.0	0.0006533614421671512
2420.0	0.0006500128133390797
2422.0	0.0006466940496452415
2424.0	0.0006434048230696636
2426.0	0.0006401448102622846
2428.0	0.000636913692461059
2430.0	0.0006337111554155894
2432.0	0.0006305368893122521
2434.0	0.0006273905887007848
2436.0	0.0006242719524223007
2438.0	0.0006211806835387039
2440.0	0.0006181164892634636
2442.0	0.0006150790808937322
2444.0	0.0006120681737437652
2446.0	0.000609083487079625
2448.0	0.0006061247440551279
2450.0	0.0006031916716490219
2452.0	0.0006002840006033571
2454.0	0.0005974014653630313
2456.0	0.0005945438040164773
2458.0	0.0005917107582374757
2460.0	0.0005889020732280628
2462.0	0.0005861174976625142
2464.0	0.0005833567836323791
2466.0	0.0005806196865925437
2468.0	0.0005779059653083018
2470.0	0.0005752153818034112
2472.0	0.0005725477013091183
2474.0	0.0005699026922141216
2476.0	0.0005672801260154667
2478.0	0.0005646797772703437
2480.0	0.0005621014235487744
2482.0	0.0005595448453871649
2484.0	0.0005570098262427112
2486.0	0.0005544961524486385
2488.0	0.0005520036131702549
2490.0	0.0005495320003618055
2492.0	0.0005470811087241091
2494.0	0.0005446507356629623
2496.0	0.0005422406812482941
2498.0	0.0005398507481740581
2500.0	0.000537480741718844
2502.0	0.000535130469707198
2504.0	0.0005327997424716329
2506.0	0.0005304883728153211
2508.0	0.0005281961759754469
2510.0	0.0005259229695872147
2512.0	0.0005236685736484945
2514.0	0.0005214328104850949
2516.0	0.0005192155047166458
2518.0	0.0005170164832230871
2520.0	0.0005148355751117447
2522.0	0.0005126726116849849
2524.0	0.0005105274264084364
2526.0	0.0005083998548797665
2528.0	0.0005062897347980036
2530.0	0.0005041969059333932
2532.0	0.0005021212100977781
2534.0	0.0005000624911154926
2536.0	0.0004980205947947595
2538.0	0.0004959953688995831
2540.0	0.0004939866631221271
2542.0	0.000491994329055564
2544.0	0.0004900182201673964
2546.0	0.0004880581917732324
2548.0	0.00048611410101101254
2550.0	0.00048418580681567285
2552.0	0.00048227316989424464
2554.0	0.0004803760527013762
2556.0	0.0004784943194152707
2558.0	0.0004766278359140322
2560.0	0.0004747764697524132
2562.0	0.0004729400901389544
2564.0	0.00047111856791351154
2566.0	0.0004693117755251601
2568.0	0.0004675195870104724
2570.0	0.00046574187797215953
2572.0	0.0004639785255580717
2574.0	0.00046222940844055176
2576.0	0.0004604944067961305
2578.0	0.0004587734022855652
2580.0	0.0004570662780342087
2582.0	0.00045537291861270766
2584.0	0.00045369321001801824
2586.0	0.0004520270396547412
2588.0	0.00045037429631676466
2590.0	0.0004487348701692113
2592.0	0.0004471086527306848
2594.0	0.0004454955368558092
2596.0	0.00044389541671805723
2598.0	0.00044230818779286213
2600.0	0.0004407337468410063
2602.0	0.0004391719918922856
2604.0	0.00043762282222944054
2606.0	0.0004360861383723517
2608.0	0.00043456184206249696
2610.0	0.00043304983624765963
2612.0	0.0004315500250668902
2614.0	0.0004300623138357139
2616.0	0.0004285866090315794
2618.0	0.00042712281827954725
2620.0	0.0004256708503382095
2622.0	0.00042423061508584217
2624.0	0.00042280202350678176
2626.0	0.0004213849876780259
2628.0	0.00041997942075605094
2630.0	0.0004185852369638452
2632.0	0.0004172023515781545
2634.0	0.0004158306809169333
2636.0	0.00041447014232700343
2638.0	0.0004131206541719112
2640.0	0.0004117821358199837
2642.0	0.0004104545076325805
2644.0	0.00040913769095253424
2646.0	0.00040783160809278234
2648.0	0.0004065361823251828
2650.0	0.00040525133786951267
2652.0	0.0004039769998826457
2654.0	0.00040271309444790655
2656.0	0.0004014595485646009
2658.0	0.0004002162901377128
2660.0	0.0003989832479677738
2662.0	0.0003977603517408968
2664.0	0.00039654753201897295
2666.0	0.00039534472023002953
2668.0	0.0003941518486587461
2670.0	0.00039296885043712615
2672.0	0.0003917956595353237
2674.0	0.00039063221075261856
2676.0	0.00038947843970854243
2678.0	0.0003883342828341512
2680.0	0.00038719967736344194
2682.0	0.00038607456132491133
2684.0	0.00038495887353325525
2686.0	0.0003838525535812069
2688.0	0.00038275554183150943
2690.0	0.0003816677794090254
2692.0	0.00038058920819297563
2694.0	0.0003795197708093107
2696.0	0.00037845941062321007
2698.0	0.0003774080717317084
2700.0	0.00037636569895644614
2702.0	0.00037533223783654444
2704.0	0.0003743076346216005
2706.0	0.0003732918362648034
2708.0	0.00037228479041616895
2710.0	0.0003712864454158892
2712.0	0.00037029675028779884
2714.0	0.0003693156547329548
2716.0	0.0003683431091233274
2718.0	0.0003673790644956027
2720.0	0.00036642347254509344
2722.0	0.0003654762856197585
2724.0	0.0003645374567143288
2726.0	0.0003636069394645369
2728.0	0.00036268468814145175
2730.0	0.0003617706576459161
2732.0	0.00036086480350308364
2734.0	0.0003599670818570581
2736.0	0.0003590774494656294
2738.0	0.000358195863695108
2740.0	0.00035732228251525693
2742.0	0.0003564566644943174
2744.0	0.0003555989687941294
2746.0	0.000354749155165346
2748.0	0.000353907183942739
2750.0	0.0003530730160405967
2752.0	0.0003522466129482107
2754.0	0.0003514279367254525
2756.0	0.0003506169499984388
2758.0	0.00034981361595528334
2760.0	0.0003490178983419352
2762.0	0.00034822976145810363
2764.0	0.0003474491701532659
2766.0	0.0003466760898227609
2768.0	0.0003459104864039646
2770.0	0.00034515232637254774
2772.0	0.00034440157673881614
2774.0	0.00034365820504413
2776.0	0.0003429221793574056
2778.0	0.0003421934682716937
2780.0	0.0003414720409008385
2782.0	0.00034075786687621433
2784.0	0.00034005091634353864
2786.0	0.0003393511599597633
2788.0	0.00033865856889004026
2790.0	0.00033797311480476475
2792.0	0.0003372947698766914
2794.0	0.0003366235067781268
2796.0	0.0003359592986781943
2798.0	0.000335302119240173
2800.0	0.00033465194261891006
2802.0	0.00033400874345830436
2804.0	0.00033337249688886346
2806.0	0.00033274317852533095
2808.0	0.00033212076446438577
2810.0	0.0003315052312824123
2812.0	0.0003308965560333397
2814.0	0.0003302947162465529
2816.0	0.00032969968992487247
2818.0	0.0003291114555426032
2820.0	0.0003285299920436531
2822.0	0.00032795527883972025
2824.0	0.00032738729580854834
2826.0	0.00032682602329225024
2828.0	0.0003262714420957005
2830.0	0.00032572353348499385
2832.0	0.0003251822791859731
2834.0	0.00032464766138282336
2836.0	0.0003241196627167339
2838.0	0.0003235982662846267
2840.0	0.00032308345563795255
2842.0	0.0003225752147815529
2844.0	0.0003220735281725903
2846.0	0.00032157838071954274
2848.0	0.00032108975778126725
2850.0	0.00032060764516612835
2852.0	0.0003201320291311936
2854.0	0.0003196628963814953
2856.0	0.0003192002340693593
2858.0	0.00031874402979379925
2860.0	0.0003182942715999785
2862.0	0.000317850947978738
2864.0	0.0003174140478661906
2866.0	0.0003169835606433827
2868.0	0.00031655947613602243
2870.0	0.00031614178461427506
2872.0	0.00031573047679262514
2874.0	0.000315325543829806
2876.0	0.0003149269773287972
2878.0	0.00031453476933688954
2880.0	0.00031414891234581694
2882.0	0.00031376939929195804
2884.0	0.00031339622355660494
2886.0	0.0003130293789663013
2888.0	0.000312668859793249
2890.0	0.0003123146607557843
2892.0	0.0003119667770189234
2894.0	0.000311625204194978
2896.0	0.0003112899383442416
2898.0	0.00031096097597574536
2900.0	0.0003106383140480867
2902.0	0.000310321949970328
2904.0	0.00031001188160296794
2906.0	0.00030970810725898556
2908.0	0.0003094106257049567
2910.0	0.0003091194361622444
2912.0	0.000308834538308263
2914.0	0.0003085559322778173
2916.0	0.000308283618664516
2918.0	0.00030801759852226214
2920.0	0.00030775787336681867
2922.0	0.0003075044451774522
2924.0	0.00030725731639865355
2926.0	0.0003070164899419376
2928.0	0.0003067819691877214
2930.0	0.00030655375798728306
2932.0	0.00030633186066480057
2934.0	0.0003061162820194726
2936.0	0.0003059070273277214
2938.0	0.00030570410234547906
2940.0	0.00030550751331055715
2942.0	0.00030531726694510257
2944.0	0.00030513337045813777
2946.0	0.0003049558315481891
2948.0	0.00030478465840600225
2950.0	0.0003046198597173467
2952.0	0.0003044614446659102
2954.0	0.0003043094229362845
2956.0	0.0003041638047170421
2958.0	0.000304024600703908
2960.0	0.00030389182210302415
2962.0	0.00030376548063431057
2964.0	0.00030364558853492333
2966.0	0.00030353215856281015
2968.0	0.0003034252040003656
2970.0	0.00030332473865818794
2972.0	0.00030323077687893687
2974.0	0.0003031433335412959
2976.0	0.0003030624240640395
2978.0	0.0003029880644102068
2980.0	0.0003029202710913834
2982.0	0.0003028590611720929
2984.0	0.0003028044522743
2986.0	0.0003027564625820262
2988.0	0.0003027151108460804
2990.0	0.00030268041638890626
2992.0	0.00030265239910954694
2994.0	0.00030263107948873085
2996.0	0.000302616478594079
2998.0	0.00030260861808543586
3000.0	0.0003026075202203269
3002.0	0.00030261320785954346
3004.0	0.0003026257044728576
3006.0	0.00030264503414486954
3008.0	0.0003026712215809893
3010.0	0.0003027042921135542
3012.0	0.0003027442717080866
3014.0	0.00030279118696969164
3016.0	0.00030284506514959925
3018.0	0.00030290593415185224
3020.0	0.00030297382254014304
3022.0	0.0003030487595448017
3024.0	0.0003031307750699379
3026.0	0.00030321989970073955
3028.0	0.000303316164710931
3030.0	0.00030341960207039395
3032.0	0.0003035302444529526
3034.0	0.00030364812524432864
3036.0	0.0003037732785502665
3038.0	0.0003039057392048338
3040.0	0.0003040455427788993
3042.0	0.00030419272558879256
3044.0	0.0003043473247051474
3046.0	0.0003045093779619343
3048.0	0.0003046789239656839
3050.0	0.00030485600210490636
3052.0	0.0003050406525597089
3054.0	0.00030523291631161784
3056.0	0.0003054328351536061
3058.0	0.0003056404517003323
3060.0	0.0003058558093985954
3062.0	0.00030607895253800837
3064.0	0.00030630992626189514
3066.0	0.00030654877657841704
3068.0	0.00030679555037193065
3070.0	0.00030705029541458457
3072.0	0.0003073130603781578
3074.0	0.0003075838948461456
3076.0	0.0003078628493260974
3078.0	0.00030814997526221335
3080.0	0.0003084453250482027
3082.0	0.0003087489520404112
3084.0	0.0003090609105712225
3086.0	0.0003093812559627387
3088.0	0.0003097100445407478
3090.0	0.00031004733364898174
3092.0	0.0003103931816636729
3094.0	0.0003107476480084144
3096.0	0.00031111079316933237
3098.0	0.0003114826787105744
3100.0	0.00031186336729012334
3102.0	0.0003122529226759417
3104.0	0.0003126514097624559
3106.0	0.0003130588945873857
3108.0	0.0003134754443489277
3110.0	0.0003139011274233001
3112.0	0.00031433601338265774
3114.0	0.0003147801730133844
3116.0	0.0003152336783347711
3118.0	0.0003156966026180904
3120.0	0.0003161690204060731
3122.0	0.0003166510075327995
3124.0	0.000317142641144012
3126.0	0.00031764399971785976
3128.0	0.00031815516308608606
3130.0	0.00031867621245566693
3132.0	0.0003192072304309128
3134.0	0.0003197483010360434
3136.0	0.0003202995097382462
3138.0	0.0003208609434712322
3140.0	0.00032143269065929676
3142.0	0.00032201484124190125
3144.0	0.0003226074866987855
3146.0	0.00032321072007562396
3148.0	0.0003238246360102397
3150.0	0.0003244493307593879
3152.0	0.00032508490222612433
3154.0	0.00032573144998777003
3156.0	0.0003263890753244914
3158.0	0.00032705788124850473
3160.0	0.0003277379725339254
3162.0	0.00032842945574727475
3164.0	0.0003291324392786614
3166.0	0.0003298470333736541
3168.0	0.00033057335016586264
3170.0	0.00033131150371024435
3172.0	0.0003320616100171554
3174.0	0.0003328237870871641
3176.0	0.0003335981549466452
3178.0	0.0003343848356841771
3180.0	0.00033518395348775947
3182.0	0.0003359956346828741
3184.0	0.00033682000777140927
3186.0	0.000337657203471471
3188.0	0.00033850735475810163
3190.0	0.0003393705969049329
3192.0	0.00034024706752679363
3194.0	0.00034113690662329957
3196.0	0.0003420402566234495
3198.0	0.0003429572624312552
3200.0	0.00034388807147243136
3202.0	0.00034483283374217414
3204.0	0.0003457917018540556
3206.0	0.00034676483109006716
3208.0	0.0003477523794518389
3210.0	0.0003487545077130677
3212.0	0.0003497713794731879
3214.0	0.00035080316121231575
3216.0	0.000351850022347504
3218.0	0.0003529121352903421
3220.0	0.0003539896755059368
3222.0	0.00035508282157331334
3224.0	0.00035619175524727613
3226.0	0.00035731666152176726
3228.0	0.0003584577286947663
3230.0	0.00035961514843477357
3232.0	0.0003607891158489212
3234.0	0.0003619798295527583
3236.0	0.0003631874917417559
3238.0	0.0003644123082645825
3240.0	0.00036565448869819734
3242.0	0.00036691424642481814
3244.0	0.0003681917987108119
3246.0	0.0003694873667875663
3248.0	0.0003708011759344003
3250.0	0.00037213345556357023
3252.0	0.0003734844393074344
3254.0	0.000374854365107839
3256.0	0.00037624347530778885
3258.0	0.0003776520167454741
3260.0	0.000379080240850718
3262.0	0.00038052840374392126
3264.0	0.00038199676633757554
3266.0	0.0003834855944404246
3268.0	0.0003849951588643513
3270.0	0.00038652573553407416
3272.0	0.0003880776055997385
3274.0	0.00038965105555248804
3276.0	0.000391246377343115
3278.0	0.0003928638685038744
3280.0	0.00039450383227356695
3282.0	0.00039616657772598954
3284.0	0.0003978524199018589
3286.0	0.0003995616799443168
3288.0	0.00040129468523812965
3290.0	0.00040305176955269774
3292.0	0.00040483327318900067
3294.0	0.0004066395431305958
3296.0	0.0004084709331988065
3298.0	0.0004103278042122322
3300.0	0.0004122105241507201
3302.0	0.0004141194683239445
3304.0	0.0004160550195447428
3306.0	0.00041801756830736473
3308.0	0.00042000751297079596
3310.0	0.00042202525994732714
3312.0	0.0004240712238965374
3314.0	0.00042614582792487835
3316.0	0.0004282495037910425
3318.0	0.00043038269211731565
3320.0	0.0004325458426071119
3322.0	0.0004347394142689044
3324.0	0.0004369638756467706
3326.0	0.0004392197050577772
3328.0	0.00044150739083644757
3330.0	0.0004438274315865495
3332.0	0.0004461803364404642
3334.0	0.00044856662532640347
3336.0	0.0004509868292437475
3338.0	0.000453441490546796
3340.0	0.0004559311632372309
3342.0	0.00045845641326559903
3344.0	0.0004610178188421508
3346.0	0.00046361597075735895
3348.0	0.000466251472712482
3350.0	0.00046892494166053363
3352.0	0.00047163700815804446
3354.0	0.00047438831672801313
3356.0	0.0004771795262344645
3358.0	0.00048001131026905006
3360.0	0.00048288435755013874
3362.0	0.00048579937233488176
3364.0	0.0004887570748447307
3366.0	0.0004917582017049349
3368.0	0.000494803506398551
3370.0	0.0004978937597355273
3372.0	0.0005010297503374508
3374.0	0.0005042122851385685
3376.0	0.0005074421899037233
3378.0	0.0005107203097638802
3380.0	0.0005140475097699362
3382.0	0.0005174246754655503
3384.0	0.0005208527134797629
3386.0	0.0005243325521402037
3388.0	0.0005278651421077327
3390.0	0.0005314514570333895
3392.0	0.0005350924942385809
3394.0	0.000538789275419461
3396.0	0.0005425428473765353
3398.0	0.0005463542827705301
3400.0	0.0005502246809056551
3402.0	0.0005541551685414244
3404.0	0.00055814690073426
3406.0	0.0005622010617101681
3408.0	0.0005663188657698399
3410.0	0.0005705015582275918
3412.0	0.0005747504163856518
3414.0	0.0005790667505453427
3416.0	0.0005834519050568242
3418.0	0.0005879072594091266
3420.0	0.0005924342293623002
3422.0	0.0005970342681236048
3424.0	0.0006017088675697623
3426.0	0.0006064595595174065
3428.0	0.0006112879170439706
3430.0	0.0006161955558613969
3432.0	0.0006211841357451466
3434.0	0.00062625536202116
3436.0	0.0006314109871135446
3438.0	0.0006366528121559264
3440.0	0.0006419826886695712
3442.0	0.00064740252031155
3444.0	0.0006529142646964199
3446.0	0.0006585199352950766
3448.0	0.0006642216034146761
3450.0	0.0006700214002637078
3452.0	0.0006759215191065863
3454.0	0.0006819242175123593
3456.0	0.0006880318197024203
3458.0	0.0006942467190024012
3460.0	0.0007005713804037448
3462.0	0.0007070083432407814
3464.0	0.0007135602239895231
3466.0	0.000720229719194736
3468.0	0.000727019608532305
3470.0	0.0007339327580143315
3472.0	0.0007409721233448842
3474.0	0.000748140753434844
3476.0	0.0007554417940848262
3478.0	0.0007628784918457675
3480.0	0.0007704541980673833
3482.0	0.0007781723731454307
3484.0	0.0007860365909793862
3486.0	0.0007940505436530095
3488.0	0.0008022180463510855
3490.0	0.0008105430425265802
3492.0	0.0008190296093334439
3494.0	0.0008276819633413835
3496.0	0.0008365044665500815
3498.0	0.0008455016327216553
3500.0	0.0008546781340514463
3502.0	0.0008640388081987984
3504.0	0.0008735886657010531
3506.0	0.0008833328977957605
3508.0	0.0008932768846780111
3510.0	0.0009034262042218668
3512.0	0.000913786641197132
3514.0	0.0009243641970151461
3516.0	0.0009351651000400113
3518.0	0.0009461958165045169
3520.0	0.0009574630620732947
3522.0	0.0009689738140991905
3524.0	0.000980735324622676
3526.0	0.0009927551341683094
3528.0	0.001005041086396854
3530.0	0.0010176013436766903
3532.0	0.0010304444036436952
3534.0	0.0010435791168248915
3536.0	0.001057014705407784
3538.0	0.001070760783244782
3540.0	0.0010848273771901919
3542.0	0.0010992249498762848
3544.0	0.0011139644240448947
3546.0	0.0011290572085620046
3548.0	0.0011445152262549753
3550.0	0.0011603509437256685
3552.0	0.0011765774033076514
3554.0	0.0011932082573525094
3556.0	0.0012102578050488626
3558.0	0.0012277410319984814
3560.0	0.0012456736527970943
3562.0	0.0012640721568934281
3564.0	0.00128295385802907
3566.0	0.0013023369475942833
3568.0	0.0013222405522715776
3570.0	0.001342684796379815
3572.0	0.0013636908693781117
3574.0	0.0013852810990409642
3576.0	0.0014074790308751086
3578.0	0.0014303095144154354
3580.0	0.0014537987971130395
3582.0	0.0014779746266144578
3584.0	0.0015028663623291077
3586.0	0.0015285050972932439
3588.0	0.0015549237914662336
3590.0	0.0015821574177404404
3592.0	0.0016102431221129108
3594.0	0.0016392203996586623
3596.0	0.0016691312881658763
3598.0	0.0017000205815475484
3600.0	0.001731936065437922
3602.0	0.0017649287777224635
3604.0	0.0017990532971449203
3606.0	0.0018343680635948744
3608.0	0.0018709357342151791
3610.0	0.0019088235800955992
3612.0	0.0019481039290538816
3614.0	0.0019888546608693544
3616.0	0.0020311597623522844
3618.0	0.0020751099508359606
3620.0	0.0021208033761049025
3622.0	0.002168346412469444
3624.0	0.0022178545547203413
3626.0	0.0022694534341186853
3628.0	0.0023232799734839073
3630.0	0.0023794837039458434
3632.0	0.0024382282701629113
3634.0	0.0024996931559499082
3636.0	0.0025640756685240684
3638.0	0.0026315932272420934
3640.0	0.0027024860121177335
3642.0	0.002777020039028827
3644.0	0.0028554907429265944
3646.0	0.00293822716830061
3648.0	0.003025596888610085
3650.0	0.003118011804650013
3652.0	0.00321593500757141
3654.0	0.0033198889377653177
3656.0	0.0034304651290492424
3658.0	0.0035483359026037566
3660.0	0.0036742684723694414
3662.0	0.0038091420506176582
3664.0	0.00395396870946963
3666.0	0.004109918975606213
3668.0	0.004278353431427341
3670.0	0.004460861995043872
3672.0	0.00465931309462774
3674.0	0.004875915699094259
3676.0	0.005113298203756873
3678.0	0.005374609625550975
3680.0	0.005663650631946147
3682.0	0.0059850449074721
3684.0	0.006344465712177425
3686.0	0.006748938933523756
3688.0	0.007207253643915045
3690.0	0.007730526062031979
3692.0	0.00833298607785044
3694.0	0.009033092623341347
3696.0	0.009855144796834598
3698.0	0.010831657220363066
3700.0	0.01200694317331736
3702.0	0.013442660489877231
3704.0	0.015226649372756914
3706.0	0.017487493390411935
3708.0	0.0204194503287345
3710.0	0.02432709630366705
3712.0	0.02970962163260728
3714.0	0.037430436457613424
3716.0	0.049085909836868516
3718.0	0.06788808302516497
3720.0	0.10105215923351953
3722.0	0.16734801577157948
3724.0	0.32599660175688827
3726.0	0.7974068206769195
3728.0	1.6888459056345606
3730.0	0.9061249197488495
3732.0	0.36137098606294465
3734.0	0.18137840504627875
3736.0	0.10842561168416258
3738.0	0.0728216569770236
3740.0	0.05307226655108391
3742.0	0.04109656767740996
3744.0	0.03335677188742259
3746.0	0.028117182012529315
3748.0	0.024448831859676654
3750.0	0.0218194968285563
3752.0	0.01990721938699972
3754.0	0.018508476160525575
3756.0	0.017489916505951553
3758.0	0.01676159293060886
3760.0	0.01626142312864716
3762.0	0.015945817476756014
3764.0	0.015783837790474705
3766.0	0.015753455376998765
3768.0	0.01583909939096365
3770.0	0.01603002292022204
3772.0	0.016319202701592567
3774.0	0.016702597528068415
3776.0	0.01717865562986631
3778.0	0.017748001487899238
3780.0	0.018413258106364794
3782.0	0.01917897768511115
3784.0	0.020051665407944067
3786.0	0.02103988986553318
3788.0	0.022154480877697957
3790.0	0.0234088221867559
3792.0	0.02481925349864699
3794.0	0.02640560446767499
3796.0	0.028191893388341122
3798.0	0.03020723678206962
3800.0	0.03248703443546368
3802.0	0.035074520232177206
3804.0	0.03802280605719349
3806.0	0.04139759991607294
3808.0	0.04528085932082449
3810.0	0.04977576163493369
3812.0	0.05501355859410655
3814.0	0.06116317323063052
3816.0	0.06844486384987497
3818.0	0.07715004514255841
3820.0	0.08767064586581573
3822.0	0.10054361827894207
3824.0	0.11652021910803534
3826.0	0.1366771214086119
3828.0	0.16260082248539434
3830.0	0.19670606311556577
3832.0	0.24281171220449266
3834.0	0.30724105293428233
3836.0	0.4010674371641349
3838.0	0.5450832594689754
3840.0	0.7819612822316808
3842.0	1.210092923862661
3844.0	2.094544082547465
3846.0	4.3079688851022855
3848.0	11.041082458922086
3850.0	18.935167860318785
3852.0	8.412933671289913
3854.0	3.463686392132598
3856.0	1.7784137577064596
3858.0	1.0643295303530107
3860.0	0.7040298523158559
3862.0	0.49882961619157595
3864.0	0.37142633941445696
3866.0	0.2870968444870514
3868.0	0.22846690577139933
3870.0	0.18609056055440487
3872.0	0.15448429759537047
3874.0	0.13029169066924692
3876.0	0.11136663276109902
3878.0	0.09628579595696941
3880.0	0.08407542637299986
3882.0	0.07405130676885227
3884.0	0.06572137609106754
3886.0	0.058724487904546645
3888.0	0.05279076794438493
3890.0	0.04771529062756522
3892.0	0.043340199002721465
3894.0	0.03954231099214783
3896.0	0.03622437020714155
3898.0	0.03330876667973266
3900.0	0.030732962016337715
3902.0	0.028446110275624485
3904.0	0.02640653044212756
3906.0	0.02457979386291349
3908.0	0.022937261469649115
3910.0	0.02145495387769921
3912.0	0.020112670549590924
3914.0	0.018893297217200775
3916.0	0.01778225695699686
3918.0	0.016767071856549583
3920.0	0.015837010528765565
3922.0	0.014982802787100662
3924.0	0.0141964072485625
3926.0	0.013470820936276775
3928.0	0.012799922427331543
3930.0	0.012178341958701516
3932.0	0.011601353324059382
3934.0	0.011064783482201277
3936.0	0.010564936637095956
3938.0	0.010098530201313948
3940.0	0.0096626405638815
3942.0	0.00925465698394835
3944.0	0.008872242248149151
3946.0	0.008513298981102695
3948.0	0.008175940699475328
3950.0	0.007858466861409974
3952.0	0.007559341293302712
3954.0	0.007277173481403357
3956.0	0.007010702301577607
3958.0	0.006758781830740893
3960.0	0.00652036894105539
3962.0	0.0062945124254105665
3964.0	0.0060803434419232265
3966.0	0.005877067097726894
3968.0	0.005683955019409587
3970.0	0.005500338780085495
3972.0	0.005325604072046929
3974.0	0.0051591855298805415
3976.0	0.005000562122368014
3978.0	0.004849253042851786
3980.0	0.00470481403737699
3982.0	0.00456683411810976
3984.0	0.004434932616509255
3986.0	0.00430875653669445
3988.0	0.004187978174553983
3990.0	0.004072292972532574
3992.0	0.003961417583801195
3994.0	0.003855088122773012
3996.0	0.0037530585817396626
3998.0	0.0036550993958399274
4000.0	0.0035609961406866024
